0.0000 0.0000 0.0000 0.0000 0.0000 0.0000 0.0000 1.0000
1.0000 -0.0060 -0.0946 0.0934 -0.0002 -0.0009 0.0006 1.0000
2.0000 -0.0018 -0.1521 0.0936 -0.0004 -0.0008 0.0001 1.0000
3.0000 -0.0083 -0.3154 0.1460 -0.0014 -0.0009 0.0017 1.0000
4.0000 -0.0061 -0.3855 0.1382 0.0014 -0.0006 0.0015 1.0000
5.0000 -0.0165 -0.5137 0.0662 0.0024 0.0004 0.0017 1.0000
6.0000 -0.0200 -0.6126 0.1194 0.0011 -0.0007 0.0022 1.0000
7.0000 -0.0286 -0.8019 0.0300 0.0004 -0.0010 0.0031 1.0000
8.0000 -0.0111 -0.8940 0.0992 0.0011 -0.0008 0.0023 1.0000
9.0000 -0.0039 -0.9590 0.0985 0.0010 -0.0006 0.0022 1.0000
10.0000 -0.0128 -1.0630 0.0494 -0.0009 -0.0011 0.0038 1.0000
11.0000 0.0077 -1.1621 0.0915 -0.0004 -0.0008 0.0037 1.0000
12.0000 0.0061 -1.3640 0.1272 0.0019 0.0002 0.0024 1.0000
13.0000 0.0115 -1.4667 0.0867 0.0011 -0.0001 0.0034 1.0000
14.0000 0.0099 -1.5630 0.0912 0.0016 0.0000 0.0053 1.0000
15.0000 0.0269 -1.6206 0.1497 0.0017 -0.0003 0.0044 1.0000
16.0000 0.0033 -1.7452 0.0814 0.0010 -0.0004 0.0050 1.0000
17.0000 0.0318 -1.9002 0.0879 0.0005 -0.0003 0.0051 1.0000
18.0000 0.0227 -1.9800 0.0459 -0.0000 -0.0007 0.0061 1.0000
19.0000 0.0448 -2.0823 0.1729 0.0007 -0.0004 0.0060 1.0000
20.0000 0.0473 -2.1750 0.1391 0.0003 0.0000 0.0059 1.0000
21.0000 0.0457 -2.2637 0.0797 -0.0003 -0.0005 0.0071 1.0000
22.0000 0.0228 -2.3812 0.0273 -0.0002 0.0000 0.0075 1.0000
23.0000 0.0264 -2.5676 0.0239 0.0004 -0.0001 0.0089 1.0000
24.0000 0.0167 -2.6618 0.0606 -0.0002 -0.0007 0.0091 1.0000
25.0000 0.0235 -2.7548 0.1285 0.0003 -0.0008 0.0093 1.0000
26.0000 0.0314 -2.8558 0.0201 -0.0009 -0.0007 0.0097 1.0000
27.0000 0.0308 -2.9663 -0.0837 -0.0012 0.0000 0.0099 1.0000
28.0000 0.0371 -3.1147 0.0294 -0.0001 -0.0002 0.0097 1.0000
29.0000 0.0440 -3.2077 0.0244 -0.0005 -0.0002 0.0109 0.9999
30.0000 0.0710 -3.3107 0.0642 -0.0002 0.0001 0.0114 0.9999
31.0000 0.0418 -3.4179 0.0758 0.0001 0.0002 0.0117 0.9999
32.0000 0.0655 -3.5059 0.0301 -0.0001 -0.0001 0.0120 0.9999
33.0000 0.0459 -3.6216 0.0438 0.0002 -0.0001 0.0119 0.9999
34.0000 0.0741 -3.8081 0.0464 0.0007 0.0003 0.0130 0.9999
35.0000 0.0953 -3.8653 0.0635 0.0002 0.0001 0.0125 0.9999
36.0000 0.1051 -3.9499 0.0202 -0.0009 -0.0004 0.0141 0.9999
37.0000 0.0861 -4.0717 0.0909 -0.0023 -0.0010 0.0141 0.9999
38.0000 0.0691 -4.1794 0.0311 0.0001 0.0001 0.0145 0.9999
39.0000 0.0925 -4.3456 0.0229 -0.0001 0.0001 0.0156 0.9999
40.0000 0.0987 -4.4401 0.0741 0.0002 0.0001 0.0161 0.9999
41.0000 0.0992 -4.5437 0.0281 -0.0003 0.0000 0.0161 0.9999
42.0000 0.0985 -4.6572 0.0062 -0.0032 -0.0007 0.0177 0.9998
43.0000 0.1287 -4.7242 0.0956 -0.0020 -0.0009 0.0166 0.9999
44.0000 0.1422 -4.8026 0.1143 -0.0020 -0.0008 0.0164 0.9999
45.0000 0.1462 -5.0088 0.1545 -0.0029 -0.0005 0.0178 0.9998
46.0000 0.1151 -5.1337 0.0714 -0.0016 0.0005 0.0177 0.9998
47.0000 0.1540 -5.1935 0.0212 0.0001 0.0011 0.0179 0.9998
48.0000 0.1656 -5.2772 0.0820 0.0001 0.0006 0.0188 0.9998
49.0000 0.1348 -5.3922 -0.0813 -0.0004 0.0023 0.0187 0.9998
50.0000 0.1468 -5.4645 -0.0060 -0.0003 0.0009 0.0193 0.9998
51.0000 0.1250 -5.6518 -0.1097 -0.0013 0.0005 0.0206 0.9998
52.0000 0.1501 -5.7315 -0.0702 -0.0008 0.0007 0.0203 0.9998
53.0000 0.1855 -5.8153 0.0544 -0.0006 0.0003 0.0200 0.9998
54.0000 0.1717 -5.9436 -0.0462 -0.0008 0.0007 0.0202 0.9998
55.0000 0.1791 -6.0246 -0.0617 -0.0007 0.0006 0.0199 0.9998
56.0000 0.1745 -6.1123 0.0612 -0.0000 0.0003 0.0201 0.9998
57.0000 0.1409 -6.2402 -0.1279 -0.0018 0.0006 0.0210 0.9998
58.0000 0.1524 -6.3204 -0.1064 -0.0033 0.0004 0.0218 0.9998
59.0000 0.1773 -6.4226 -0.0276 -0.0003 0.0009 0.0214 0.9998
60.0000 0.1711 -6.6057 -0.0512 -0.0011 0.0004 0.0218 0.9998
61.0000 0.1755 -6.6971 -0.0624 -0.0034 -0.0006 0.0226 0.9997
62.0000 0.2001 -6.7968 0.0008 -0.0002 0.0008 0.0225 0.9997
63.0000 0.2040 -6.8916 0.0034 -0.0031 -0.0007 0.0235 0.9997
64.0000 0.1886 -6.9891 0.0411 -0.0023 -0.0003 0.0226 0.9997
65.0000 0.2284 -7.0735 0.0607 -0.0023 -0.0003 0.0232 0.9997
66.0000 0.2580 -7.1648 0.1090 -0.0024 0.0004 0.0241 0.9997
67.0000 0.2488 -7.2754 0.0206 -0.0028 0.0014 0.0240 0.9997
68.0000 0.2441 -7.4388 -0.0322 -0.0032 0.0000 0.0257 0.9997
69.0000 0.2494 -7.5446 0.0799 -0.0023 -0.0000 0.0266 0.9996
70.0000 0.2675 -7.6317 0.0415 -0.0025 -0.0000 0.0259 0.9997
71.0000 0.2344 -7.7335 -0.0733 -0.0031 0.0008 0.0264 0.9996
72.0000 0.2578 -7.8426 -0.0122 -0.0023 0.0014 0.0262 0.9997
73.0000 0.2947 -7.9317 0.1095 -0.0020 0.0008 0.0262 0.9997
74.0000 0.2698 -8.0217 0.0128 -0.0026 0.0010 0.0260 0.9997
75.0000 0.3017 -8.1055 0.1492 -0.0023 0.0006 0.0264 0.9996
76.0000 0.2882 -8.2166 0.1617 -0.0024 0.0002 0.0281 0.9996
77.0000 0.2986 -8.4064 0.1000 -0.0024 0.0008 0.0283 0.9996
78.0000 0.3326 -8.4785 0.0631 -0.0026 -0.0001 0.0294 0.9996
79.0000 0.3186 -8.5846 0.1175 -0.0020 -0.0000 0.0288 0.9996
80.0000 0.3068 -8.6725 0.0448 -0.0027 -0.0001 0.0288 0.9996
81.0000 0.2852 -8.7724 -0.1141 -0.0036 0.0001 0.0288 0.9996
82.0000 0.3359 -8.8445 -0.0312 -0.0034 0.0009 0.0293 0.9996
83.0000 0.3438 -8.9580 0.0329 -0.0029 0.0010 0.0297 0.9996
84.0000 0.3338 -9.0408 -0.0301 -0.0034 0.0008 0.0293 0.9996
85.0000 0.3393 -9.1445 -0.1869 -0.0020 0.0022 0.0304 0.9995
86.0000 0.3404 -9.2597 0.0251 -0.0026 0.0008 0.0305 0.9995
87.0000 0.3445 -9.3541 -0.0952 -0.0014 0.0016 0.0311 0.9995
88.0000 0.3771 -9.5282 0.0393 -0.0025 0.0003 0.0316 0.9995
89.0000 0.3695 -9.6380 -0.0422 -0.0033 0.0005 0.0314 0.9995
90.0000 0.3841 -9.7318 0.0039 -0.0028 0.0009 0.0310 0.9995
91.0000 0.3921 -9.8225 -0.0323 -0.0033 0.0009 0.0314 0.9995
92.0000 0.3682 -9.9166 -0.1118 -0.0037 0.0009 0.0319 0.9995
93.0000 0.3892 -10.0192 -0.0806 -0.0035 0.0012 0.0324 0.9995
94.0000 0.3927 -10.0949 -0.0368 -0.0033 0.0013 0.0322 0.9995
95.0000 0.4015 -10.1872 -0.0466 -0.0032 0.0015 0.0325 0.9995
96.0000 0.4271 -10.2798 0.0012 -0.0028 0.0014 0.0332 0.9994
97.0000 0.4178 -10.3774 -0.0326 -0.0031 0.0012 0.0336 0.9994
98.0000 0.4265 -10.4911 0.0124 -0.0028 0.0009 0.0338 0.9994
99.0000 0.4307 -10.5851 0.0122 -0.0028 0.0009 0.0337 0.9994
100.0000 0.4156 -10.6772 -0.1439 -0.0014 0.0016 0.0341 0.9994
101.0000 0.4821 -10.8295 0.0423 -0.0026 0.0003 0.0350 0.9994
102.0000 0.4330 -10.9677 0.0694 -0.0047 -0.0000 0.0346 0.9994
103.0000 0.4921 -11.0338 0.1269 -0.0043 0.0004 0.0348 0.9994
104.0000 0.4872 -11.1505 0.0900 -0.0045 0.0007 0.0356 0.9994
105.0000 0.4648 -11.2595 0.0603 -0.0048 0.0002 0.0365 0.9993
106.0000 0.4713 -11.3454 0.0752 -0.0043 -0.0000 0.0365 0.9993
107.0000 0.5070 -11.4267 0.0148 -0.0028 0.0005 0.0373 0.9993
108.0000 0.4938 -11.5231 -0.0503 -0.0034 0.0001 0.0379 0.9993
109.0000 0.5054 -11.6102 0.0195 -0.0052 -0.0003 0.0371 0.9993
110.0000 0.5345 -11.6921 0.0655 -0.0050 0.0004 0.0371 0.9993
111.0000 0.5371 -11.7991 0.0094 -0.0055 0.0006 0.0379 0.9993
112.0000 0.5434 -11.8799 0.0340 -0.0052 0.0006 0.0374 0.9993
113.0000 0.5426 -11.9690 0.0002 -0.0057 0.0006 0.0388 0.9992
114.0000 0.5510 -12.0663 0.0418 -0.0047 0.0003 0.0395 0.9992
115.0000 0.5569 -12.2824 0.0647 -0.0045 0.0003 0.0398 0.9992
116.0000 0.5663 -12.3808 -0.0124 -0.0028 0.0007 0.0403 0.9992
117.0000 0.5736 -12.4538 -0.1023 -0.0035 0.0004 0.0412 0.9991
118.0000 0.5609 -12.5445 -0.1871 -0.0037 0.0004 0.0408 0.9992
119.0000 0.6008 -12.6453 -0.0532 -0.0024 0.0008 0.0406 0.9992
120.0000 0.6134 -12.7574 -0.0437 -0.0028 0.0003 0.0416 0.9991
121.0000 0.6389 -12.8081 -0.0311 -0.0033 0.0006 0.0403 0.9992
122.0000 0.6052 -12.9316 0.0480 -0.0050 0.0007 0.0415 0.9991
123.0000 0.6606 -12.9935 0.1539 -0.0066 -0.0000 0.0423 0.9991
124.0000 0.6359 -13.1029 -0.0402 -0.0055 0.0010 0.0424 0.9991
125.0000 0.6405 -13.2191 -0.0417 -0.0059 0.0008 0.0435 0.9990
126.0000 0.6654 -13.2944 0.0060 -0.0059 0.0004 0.0439 0.9990
127.0000 0.6726 -13.3917 0.0429 -0.0052 0.0008 0.0441 0.9990
128.0000 0.6898 -13.4857 0.0622 -0.0044 0.0003 0.0445 0.9990
129.0000 0.6788 -13.6772 0.0083 -0.0057 0.0005 0.0442 0.9990
130.0000 0.7011 -13.7444 -0.0588 -0.0061 0.0004 0.0445 0.9990
131.0000 0.7043 -13.8504 -0.0756 -0.0056 0.0009 0.0453 0.9990
132.0000 0.7231 -13.9483 -0.0904 -0.0031 0.0011 0.0449 0.9990
133.0000 0.7333 -14.0574 -0.0452 -0.0041 0.0017 0.0449 0.9990
134.0000 0.7290 -14.1671 0.0072 -0.0050 0.0013 0.0471 0.9989
135.0000 0.7478 -14.2701 -0.0207 -0.0026 0.0009 0.0476 0.9989
136.0000 0.7355 -14.3645 -0.1155 -0.0031 0.0008 0.0476 0.9989
137.0000 0.7514 -14.4387 -0.1105 -0.0033 0.0006 0.0479 0.9988
138.0000 0.7537 -14.5454 -0.0632 -0.0028 0.0004 0.0481 0.9988
139.0000 0.7720 -14.6499 -0.0614 0.0027 0.0028 0.0475 0.9989
140.0000 0.8121 -14.7289 -0.0833 0.0039 -0.0012 0.0476 0.9989
141.0000 0.8339 -14.8297 -0.0256 0.0041 -0.0020 0.0480 0.9988
142.0000 0.8427 -14.9252 -0.0069 0.0058 -0.0008 0.0485 0.9988
143.0000 0.8427 -15.0241 0.0638 0.0048 -0.0015 0.0491 0.9988
144.0000 0.8056 -15.1259 -0.2200 -0.0003 -0.0042 0.0494 0.9988
145.0000 0.8280 -15.2920 -0.2297 -0.0009 -0.0039 0.0511 0.9987
146.0000 0.8583 -15.3807 -0.1062 -0.0016 -0.0047 0.0507 0.9987
147.0000 0.8941 -15.4707 -0.0372 -0.0028 -0.0056 0.0518 0.9986
148.0000 0.8933 -15.5748 -0.0567 -0.0005 -0.0047 0.0514 0.9987
149.0000 0.9016 -15.6476 -0.0783 -0.0009 -0.0049 0.0517 0.9986
150.0000 0.9089 -15.7679 -0.0869 -0.0004 -0.0042 0.0517 0.9987
151.0000 0.9366 -15.8553 0.0161 0.0003 -0.0039 0.0523 0.9986
152.0000 0.9966 -15.9161 -0.0490 0.0036 -0.0017 0.0515 0.9987
153.0000 1.0563 -15.9283 -0.2266 0.0044 -0.0013 0.0441 0.9990
154.0000 1.0179 -16.0605 -0.2616 0.0007 -0.0033 0.0374 0.9993
155.0000 1.0806 -16.1099 -0.0573 -0.0000 -0.0045 0.0299 0.9995
156.0000 1.0580 -16.2481 -0.0239 0.0002 -0.0035 0.0235 0.9997
157.0000 1.0874 -16.3026 -0.0511 0.0034 -0.0022 0.0164 0.9999
158.0000 1.0171 -16.4240 -0.0673 0.0032 -0.0019 0.0095 0.9999
159.0000 1.0280 -16.4926 -0.0576 0.0029 -0.0017 0.0059 1.0000
160.0000 1.0064 -16.6191 -0.0906 0.0035 -0.0017 0.0050 1.0000
161.0000 1.0174 -16.7412 0.0554 0.0021 -0.0026 0.0056 1.0000
162.0000 0.9959 -16.8290 -0.0435 -0.0028 -0.0048 0.0056 1.0000
163.0000 0.9627 -16.8898 -0.3453 -0.0018 -0.0027 0.0051 1.0000
164.0000 1.0138 -16.9768 0.0766 0.0016 0.0028 0.0046 1.0000
165.0000 1.0226 -17.0909 -0.0575 -0.0060 0.0015 0.0057 1.0000
166.0000 0.9967 -17.1799 -0.1780 0.0008 0.0045 0.0055 1.0000
167.0000 1.0421 -17.3952 0.1544 -0.0035 -0.0057 0.0064 1.0000
168.0000 1.0483 -17.4731 0.1223 -0.0002 -0.0034 0.0051 1.0000
169.0000 1.0491 -17.5624 0.2483 0.0023 0.0016 0.0065 1.0000
170.0000 0.9823 -17.6952 0.3783 -0.0019 0.0014 0.0085 1.0000
171.0000 0.9154 -17.8093 0.1341 -0.0013 0.0030 0.0169 0.9999
172.0000 0.9310 -17.8636 0.0548 0.0002 0.0030 0.0277 0.9996
173.0000 0.9062 -17.9526 -0.0761 0.0010 0.0037 0.0349 0.9994
174.0000 0.9424 -18.0265 -0.1723 0.0016 0.0045 0.0448 0.9990
175.0000 0.8994 -18.0957 -0.0790 -0.0008 0.0039 0.0535 0.9986
176.0000 0.9257 -18.1731 -0.1274 0.0011 0.0042 0.0611 0.9981
177.0000 0.9665 -18.2668 -0.0915 0.0014 0.0039 0.0697 0.9976
178.0000 0.9312 -18.3633 0.0270 -0.0028 0.0043 0.0788 0.9969
179.0000 1.0603 -18.3623 -0.1995 -0.0067 0.0019 0.0849 0.9964
180.0000 1.1079 -18.4354 0.0695 -0.0075 0.0016 0.0848 0.9964
181.0000 1.0906 -18.5350 -0.0878 -0.0012 0.0045 0.0814 0.9967
182.0000 1.1509 -18.6022 -0.1772 0.0000 0.0015 0.0789 0.9969
183.0000 1.1680 -18.6958 -0.0598 -0.0058 -0.0042 0.0755 0.9971
184.0000 1.1349 -18.7891 -0.1208 -0.0047 -0.0032 0.0713 0.9974
185.0000 1.2438 -18.8896 -0.0242 0.0000 -0.0016 0.0686 0.9976
186.0000 1.2259 -18.9573 -0.1825 0.0035 0.0002 0.0638 0.9980
187.0000 1.2139 -19.0571 -0.1218 0.0008 -0.0015 0.0597 0.9982
188.0000 1.2263 -19.1596 -0.0250 -0.0004 -0.0021 0.0570 0.9984
189.0000 1.2734 -19.2146 -0.1243 0.0008 -0.0022 0.0534 0.9986
190.0000 1.2661 -19.3010 -0.1893 0.0007 -0.0019 0.0483 0.9988
191.0000 1.2600 -19.3846 -0.2319 0.0006 -0.0015 0.0434 0.9991
192.0000 1.2829 -19.4634 -0.1993 0.0002 -0.0016 0.0396 0.9992
193.0000 1.2823 -19.5598 -0.2291 -0.0007 -0.0016 0.0358 0.9994
194.0000 1.2982 -19.6667 -0.1753 -0.0015 -0.0008 0.0309 0.9995
195.0000 1.2931 -19.7475 -0.0811 -0.0027 0.0048 0.0264 0.9996
196.0000 1.3223 -19.8325 -0.2509 0.0016 0.0049 0.0224 0.9997
197.0000 1.3670 -19.9270 -0.0503 -0.0001 0.0043 0.0177 0.9998
198.0000 1.3250 -20.0859 -0.1246 -0.0006 0.0040 0.0110 0.9999
199.0000 1.3035 -20.1818 -0.2223 0.0012 0.0037 0.0062 1.0000
200.0000 1.3511 -20.2874 -0.2869 0.0038 0.0003 0.0012 1.0000
201.0000 1.3753 -20.3423 -0.1664 0.0022 -0.0007 -0.0045 1.0000
202.0000 1.3338 -20.4404 -0.1221 -0.0006 -0.0015 -0.0087 1.0000
203.0000 1.3617 -20.5439 0.0273 -0.0008 -0.0020 -0.0094 1.0000
204.0000 1.2969 -20.6877 0.0242 -0.0020 -0.0017 -0.0085 1.0000
205.0000 1.3004 -20.7455 -0.0343 -0.0065 0.0007 -0.0088 0.9999
206.0000 1.2619 -20.8464 -0.1737 -0.0071 0.0030 -0.0092 0.9999
207.0000 1.2871 -20.9450 -0.0043 -0.0023 0.0059 -0.0089 0.9999
208.0000 1.3219 -21.0373 -0.0808 -0.0007 0.0044 -0.0086 1.0000
209.0000 1.2512 -21.1385 -0.3316 -0.0018 -0.0002 -0.0077 1.0000
210.0000 1.2856 -21.2028 -0.1196 -0.0033 -0.0038 -0.0080 1.0000
211.0000 1.2872 -21.3002 -0.1392 -0.0006 -0.0014 -0.0085 1.0000
212.0000 1.2940 -21.4073 -0.0060 -0.0043 0.0041 -0.0081 0.9999
213.0000 1.3550 -21.4736 0.1764 -0.0135 0.0006 -0.0073 0.9999
214.0000 1.2679 -21.5808 -0.0090 -0.0126 0.0021 -0.0076 0.9999
215.0000 1.2636 -21.6773 -0.1819 -0.0087 0.0025 -0.0077 0.9999
216.0000 1.2690 -21.7924 -0.1264 -0.0096 0.0026 -0.0077 0.9999
217.0000 1.2593 -21.8693 -0.2981 -0.0099 0.0034 -0.0065 0.9999
218.0000 1.2839 -21.9712 0.0007 -0.0025 0.0045 -0.0071 1.0000
219.0000 1.3042 -22.0876 0.1665 -0.0033 0.0034 -0.0059 1.0000
220.0000 1.2651 -22.1671 -0.1899 -0.0007 -0.0013 -0.0065 1.0000
221.0000 1.2952 -22.2644 -0.0220 -0.0023 -0.0022 -0.0066 1.0000
222.0000 1.2865 -22.3644 -0.0916 0.0010 -0.0001 -0.0064 1.0000
223.0000 1.3074 -22.4545 0.0896 -0.0020 0.0028 -0.0070 1.0000
224.0000 1.2762 -22.5654 0.0004 -0.0038 0.0040 -0.0066 1.0000
225.0000 1.2967 -22.6302 -0.1958 -0.0014 0.0044 -0.0068 1.0000
226.0000 1.3151 -22.7058 -0.1994 -0.0010 0.0049 -0.0075 1.0000
227.0000 1.2521 -22.8966 0.0104 -0.0194 0.0001 -0.0085 0.9998
228.0000 1.2626 -23.0015 -0.0359 -0.0088 -0.0001 -0.0079 0.9999
229.0000 1.2418 -23.1238 -0.1621 -0.0006 -0.0032 -0.0073 1.0000
230.0000 1.2830 -23.2318 -0.0655 0.0078 -0.0001 -0.0093 0.9999
231.0000 1.2962 -23.3725 -0.0631 0.0209 -0.0009 -0.0099 0.9997
232.0000 1.2213 -23.5137 -0.3114 0.0483 -0.0058 -0.0117 0.9987
233.0000 1.2852 -23.5868 -0.5868 0.0520 -0.0069 -0.0097 0.9986
234.0000 1.2716 -23.7031 -0.0678 0.0374 -0.0075 -0.0090 0.9992
235.0000 1.2252 -23.7344 -0.8224 0.0364 -0.0096 -0.0096 0.9992
236.0000 1.2683 -23.8373 -0.3065 0.0313 -0.0043 -0.0100 0.9995
237.0000 1.2735 -23.9406 -0.1608 0.0200 -0.0044 -0.0087 0.9998
238.0000 1.2345 -24.0386 0.2641 0.0067 -0.0022 -0.0084 0.9999
239.0000 1.2617 -24.1073 0.1908 0.0010 -0.0050 -0.0081 1.0000
240.0000 1.2427 -24.1727 -0.0234 -0.0001 -0.0055 -0.0083 1.0000
241.0000 1.2176 -24.2500 -0.2909 -0.0022 -0.0037 -0.0083 1.0000
242.0000 1.2680 -24.3068 -0.5834 0.0047 -0.0080 -0.0086 0.9999
243.0000 1.2700 -24.4406 0.1958 -0.0035 -0.0045 -0.0078 1.0000
244.0000 1.1969 -24.5112 -0.5736 -0.0050 -0.0030 -0.0083 0.9999
245.0000 1.2156 -24.6198 -0.4860 -0.0023 -0.0022 -0.0071 1.0000
246.0000 1.2580 -24.7332 -0.1960 0.0023 -0.0002 -0.0068 1.0000
247.0000 1.1622 -24.8364 -0.3329 0.0061 0.0006 -0.0064 1.0000
248.0000 1.1926 -24.9047 -0.5112 0.0159 0.0001 -0.0064 0.9999
249.0000 1.2156 -25.1331 -0.2024 0.0169 -0.0019 -0.0052 0.9998
250.0000 1.2535 -25.2121 -0.1353 0.0162 -0.0052 -0.0039 0.9998
251.0000 1.2404 -25.3189 -0.2718 0.0188 -0.0037 -0.0041 0.9998
252.0000 1.2740 -25.4313 -0.1982 0.0171 -0.0021 -0.0031 0.9998
253.0000 1.2371 -25.5242 -0.2513 0.0247 -0.0031 -0.0039 0.9997
254.0000 1.2524 -25.6288 -0.2780 0.0256 -0.0015 -0.0026 0.9997
255.0000 1.2787 -25.7549 0.1323 0.0311 -0.0032 -0.0016 0.9995
256.0000 1.2005 -25.8560 -0.2693 0.0323 -0.0033 -0.0011 0.9995
257.0000 1.1938 -25.9266 -0.5648 0.0360 -0.0006 -0.0006 0.9994
258.0000 1.2231 -26.0042 -0.5773 0.0391 0.0005 -0.0007 0.9992
259.0000 1.2869 -26.1464 -0.1344 0.0398 -0.0006 -0.0001 0.9992
260.0000 1.2691 -26.2448 -0.3788 0.0461 -0.0023 -0.0001 0.9989
261.0000 1.2584 -26.3792 -0.1957 0.0540 -0.0013 -0.0004 0.9985
262.0000 1.2937 -26.4428 -0.2080 0.0548 -0.0031 -0.0008 0.9985
263.0000 1.2576 -26.5590 -0.5266 0.0573 -0.0027 0.0001 0.9984
264.0000 1.2649 -26.6509 -0.4275 0.0639 -0.0055 -0.0004 0.9979
265.0000 1.2413 -26.7528 -0.4966 0.0646 -0.0063 0.0002 0.9979
266.0000 1.2734 -26.9284 -0.4711 0.0642 -0.0065 0.0021 0.9979
267.0000 1.2452 -27.0776 -0.4393 0.0649 -0.0067 0.0036 0.9979
268.0000 1.2649 -27.1614 -0.2695 0.0640 -0.0071 0.0031 0.9979
269.0000 1.2940 -27.2201 -0.2988 0.0630 -0.0070 0.0029 0.9980
270.0000 1.2492 -27.3218 -0.4343 0.0622 -0.0053 0.0033 0.9980
271.0000 1.2461 -27.4212 -0.5018 0.0625 -0.0057 0.0038 0.9980
272.0000 1.2611 -27.4848 -0.3725 0.0618 -0.0102 0.0018 0.9980
273.0000 1.2624 -27.5869 -0.4957 0.0568 -0.0108 0.0023 0.9983
274.0000 1.2626 -27.6633 -0.6485 0.0588 -0.0066 0.0015 0.9982
275.0000 1.2807 -27.7978 -0.7069 0.0662 -0.0015 0.0034 0.9978
276.0000 1.3061 -27.8849 -0.5454 0.0659 -0.0028 0.0029 0.9978
277.0000 1.2666 -27.9851 -0.6353 0.0657 -0.0022 0.0042 0.9978
278.0000 1.2835 -28.1030 -0.6089 0.0686 -0.0028 0.0052 0.9976
279.0000 1.2917 -28.1913 -0.5839 0.0706 -0.0065 0.0049 0.9975
280.0000 1.2921 -28.2889 -0.5679 0.0709 -0.0069 0.0042 0.9975
281.0000 1.3223 -28.5359 -0.2713 0.0690 -0.0025 0.0047 0.9976
282.0000 1.3608 -28.6160 -0.3051 0.0655 0.0014 0.0062 0.9978
283.0000 1.3401 -28.6821 -0.5910 0.0688 0.0014 0.0064 0.9976
284.0000 1.3188 -28.7851 -0.6038 0.0719 0.0017 0.0067 0.9974
285.0000 1.3140 -28.8470 -0.5575 0.0680 -0.0011 0.0053 0.9977
286.0000 1.2948 -28.9296 -0.8533 0.0660 -0.0011 0.0056 0.9978
287.0000 1.3500 -29.1017 -0.5374 0.0711 0.0028 0.0076 0.9974
288.0000 1.3218 -29.1362 -0.7323 0.0743 0.0000 0.0062 0.9972
289.0000 1.3083 -29.2060 -0.8498 0.0708 0.0036 0.0065 0.9975
290.0000 1.3119 -29.3120 -0.7404 0.0663 0.0016 0.0073 0.9978
291.0000 1.2857 -29.3810 -0.9139 0.0643 -0.0012 0.0073 0.9979
292.0000 1.3344 -29.4861 -0.7520 0.0623 0.0028 0.0072 0.9980
293.0000 1.3547 -29.6017 -0.4888 0.0527 0.0022 0.0085 0.9986
294.0000 1.3335 -29.6837 -0.7628 0.0556 0.0014 0.0081 0.9984
295.0000 1.2731 -29.7744 -0.9147 0.0561 0.0040 0.0091 0.9984
296.0000 1.3322 -29.8613 -0.7625 0.0605 0.0022 0.0087 0.9981
297.0000 1.3496 -29.9612 -0.6402 0.0608 0.0014 0.0098 0.9981
298.0000 1.3240 -30.0667 -0.9179 0.0659 0.0026 0.0096 0.9978
299.0000 1.3273 -30.1575 -0.7462 0.0620 0.0002 0.0101 0.9980
300.0000 1.3238 -30.2419 -0.9365 0.0641 0.0004 0.0101 0.9979
301.0000 1.3360 -30.3601 -0.8703 0.0629 -0.0011 0.0105 0.9980
302.0000 1.3518 -30.4515 -0.7753 0.0625 -0.0030 0.0099 0.9980
303.0000 1.3678 -30.5448 -0.7849 0.0647 -0.0033 0.0103 0.9978
304.0000 1.3569 -30.6527 -1.1219 0.0745 0.0005 0.0106 0.9972
305.0000 1.3291 -30.7475 -1.0930 0.0740 0.0005 0.0111 0.9972
306.0000 1.3795 -30.8794 -0.9290 0.0735 0.0003 0.0120 0.9972
307.0000 1.3862 -30.9962 -0.7535 0.0777 -0.0010 0.0128 0.9969
308.0000 1.3161 -31.1190 -1.1727 0.0709 -0.0011 0.0132 0.9974
309.0000 1.3569 -31.2009 -1.1929 0.0723 -0.0036 0.0140 0.9973
310.0000 1.3783 -31.3135 -0.9335 0.0669 -0.0075 0.0136 0.9976
311.0000 1.3564 -31.3939 -1.1240 0.0688 -0.0062 0.0131 0.9975
312.0000 1.3729 -31.5051 -1.0672 0.0680 -0.0048 0.0133 0.9976
313.0000 1.3664 -31.5534 -1.2453 0.0683 -0.0013 0.0138 0.9976
314.0000 1.3503 -31.6673 -1.1819 0.0635 -0.0020 0.0146 0.9979
315.0000 1.3819 -31.7395 -1.3548 0.0643 -0.0059 0.0154 0.9978
316.0000 1.3718 -31.8871 -1.0351 0.0658 0.0002 0.0155 0.9977
317.0000 1.4564 -31.9581 -1.0110 0.0695 0.0020 0.0140 0.9975
318.0000 1.3971 -32.0496 -1.0924 0.0596 0.0015 0.0154 0.9981
319.0000 1.4054 -32.1319 -1.2520 0.0619 -0.0052 0.0164 0.9979
320.0000 1.3880 -32.2327 -1.1673 0.0676 -0.0058 0.0152 0.9976
321.0000 1.3683 -32.3169 -1.5004 0.0619 -0.0054 0.0154 0.9980
322.0000 1.3462 -32.3753 -1.7182 0.0611 -0.0009 0.0159 0.9980
323.0000 1.4583 -32.5032 -1.0726 0.0660 -0.0012 0.0147 0.9977
324.0000 1.4021 -32.6248 -1.4385 0.0685 0.0004 0.0151 0.9975
325.0000 1.3436 -32.6857 -1.7470 0.0654 -0.0026 0.0158 0.9977
326.0000 1.4265 -32.8062 -1.4320 0.0684 -0.0049 0.0157 0.9975
327.0000 1.4255 -32.9457 -1.1503 0.0732 -0.0021 0.0162 0.9972
328.0000 1.3918 -33.0538 -1.1837 0.0710 -0.0017 0.0172 0.9973
329.0000 1.4387 -33.1114 -1.2590 0.0725 -0.0019 0.0168 0.9972
330.0000 1.4312 -33.1926 -1.4928 0.0753 -0.0024 0.0170 0.9970
331.0000 1.4090 -33.2779 -1.4134 0.0688 -0.0018 0.0165 0.9975
332.0000 1.4410 -33.3880 -1.3464 0.0669 -0.0010 0.0170 0.9976
333.0000 1.4849 -33.4866 -1.3465 0.0674 -0.0009 0.0167 0.9976
334.0000 1.4175 -33.5921 -1.2534 0.0698 0.0011 0.0160 0.9974
335.0000 1.4237 -33.5907 -1.3211 0.0690 0.0020 0.0172 0.9975
336.0000 1.4473 -33.5732 -1.3733 0.0667 -0.0002 0.0175 0.9976
337.0000 1.4558 -33.5791 -1.3808 0.0638 0.0012 0.0176 0.9978
338.0000 1.4569 -33.5888 -1.3369 0.0642 0.0010 0.0175 0.9978
339.0000 1.4550 -33.5851 -1.3196 0.0645 0.0008 0.0174 0.9978
340.0000 1.4444 -33.5880 -1.3230 0.0644 0.0007 0.0174 0.9978
341.0000 1.4439 -33.5876 -1.3405 0.0643 0.0009 0.0173 0.9978
342.0000 1.4428 -33.5837 -1.3945 0.0634 0.0010 0.0173 0.9978
343.0000 1.4726 -33.6142 -1.3123 0.0579 0.0004 0.0170 0.9982
344.0000 1.4386 -33.7008 -1.2045 0.0582 -0.0002 0.0172 0.9982
345.0000 1.4411 -33.7773 -1.3709 0.0613 0.0015 0.0171 0.9980
346.0000 1.4814 -33.8344 -1.5483 0.0662 0.0022 0.0180 0.9976
347.0000 1.4519 -33.9760 -1.3897 0.0688 0.0021 0.0183 0.9975
348.0000 1.4691 -34.0551 -1.4917 0.0678 -0.0017 0.0181 0.9975
349.0000 1.4651 -34.1444 -1.5385 0.0676 -0.0017 0.0183 0.9975
350.0000 1.4871 -34.2479 -1.3466 0.0659 -0.0029 0.0181 0.9977
351.0000 1.4916 -34.3422 -1.4474 0.0664 -0.0007 0.0185 0.9976
352.0000 1.4825 -34.4355 -1.4204 0.0644 0.0017 0.0190 0.9977
353.0000 1.4573 -34.5183 -1.5305 0.0644 0.0022 0.0197 0.9977
354.0000 1.4893 -34.6012 -1.6226 0.0636 0.0013 0.0206 0.9978
355.0000 1.4895 -34.6955 -1.6796 0.0630 -0.0000 0.0211 0.9978
356.0000 1.5161 -34.8162 -1.5484 0.0668 -0.0013 0.0220 0.9975
357.0000 1.5272 -34.8949 -1.5344 0.0666 -0.0013 0.0226 0.9975
358.0000 1.5237 -35.0035 -1.3979 0.0637 -0.0006 0.0231 0.9977
359.0000 1.5141 -35.0940 -1.5637 0.0640 0.0009 0.0234 0.9977
360.0000 1.4985 -35.1469 -1.7866 0.0648 -0.0013 0.0228 0.9976
361.0000 1.5199 -35.2887 -1.5126 0.0600 0.0000 0.0227 0.9979
362.0000 1.5383 -35.3771 -1.5960 0.0589 0.0011 0.0222 0.9980
363.0000 1.5156 -35.4458 -1.7602 0.0582 0.0026 0.0225 0.9980
364.0000 1.5203 -35.5420 -1.6889 0.0561 0.0018 0.0231 0.9982
365.0000 1.5472 -35.6498 -1.6420 0.0583 0.0017 0.0234 0.9980
366.0000 1.5649 -35.7346 -1.7055 0.0594 0.0022 0.0238 0.9979
367.0000 1.6043 -35.8639 -1.3177 0.0543 0.0023 0.0260 0.9982
368.0000 1.5545 -35.9633 -1.4223 0.0485 0.0028 0.0267 0.9985
369.0000 1.5544 -36.0472 -1.8689 0.0616 0.0026 0.0270 0.9977
370.0000 1.5662 -36.1520 -1.6994 0.0695 0.0060 0.0261 0.9972
371.0000 1.6363 -36.2672 -1.4049 0.0725 0.0012 0.0275 0.9970
372.0000 1.6360 -36.3551 -1.4103 0.0708 -0.0013 0.0262 0.9971
373.0000 1.6009 -36.4325 -1.8464 0.0746 0.0022 0.0265 0.9969
374.0000 1.6068 -36.5719 -1.8132 0.0727 0.0048 0.0265 0.9970
375.0000 1.6108 -36.6038 -1.9834 0.0750 0.0061 0.0264 0.9968
376.0000 1.5918 -36.6800 -2.0311 0.0720 0.0060 0.0268 0.9970
377.0000 1.7050 -36.7755 -1.5046 0.0551 -0.0015 0.0281 0.9981
378.0000 1.6542 -36.9095 -1.6457 0.0638 -0.0023 0.0283 0.9976
379.0000 1.6118 -36.9731 -1.9234 0.0700 -0.0008 0.0276 0.9972
380.0000 1.5764 -37.0924 -2.0962 0.0631 0.0027 0.0287 0.9976
381.0000 1.5870 -37.1138 -2.3515 0.0620 0.0015 0.0302 0.9976
382.0000 1.6836 -37.2184 -1.8319 0.0583 -0.0049 0.0291 0.9979
383.0000 1.6245 -37.3195 -1.8740 0.0588 -0.0009 0.0283 0.9979
384.0000 1.6437 -37.4530 -1.7503 0.0558 0.0010 0.0289 0.9980
385.0000 1.6362 -37.5263 -1.8633 0.0528 0.0003 0.0297 0.9982
386.0000 1.6487 -37.6229 -1.9738 0.0599 0.0024 0.0308 0.9977
387.0000 1.6785 -37.7665 -1.8837 0.0627 0.0016 0.0311 0.9975
388.0000 1.6797 -37.8272 -1.9991 0.0669 0.0007 0.0314 0.9973
389.0000 1.6984 -37.9210 -2.0889 0.0690 0.0008 0.0325 0.9971
390.0000 1.6951 -38.0402 -1.9677 0.0688 0.0009 0.0322 0.9971
391.0000 1.7106 -38.1401 -1.9830 0.0687 0.0033 0.0333 0.9971
392.0000 1.6963 -38.2267 -1.8565 0.0669 -0.0021 0.0324 0.9972
393.0000 1.7234 -38.3060 -1.9508 0.0634 -0.0009 0.0329 0.9974
394.0000 1.7091 -38.3784 -2.0067 0.0596 -0.0003 0.0336 0.9977
395.0000 1.6910 -38.4249 -2.4419 0.0682 0.0022 0.0335 0.9971
396.0000 1.7157 -38.5526 -2.3429 0.0671 0.0031 0.0344 0.9971
397.0000 1.7594 -38.6723 -2.0082 0.0603 -0.0005 0.0347 0.9976
398.0000 1.7163 -38.7926 -2.1787 0.0621 0.0026 0.0357 0.9974
399.0000 1.7658 -38.8689 -2.1000 0.0671 -0.0006 0.0360 0.9971
400.0000 1.7200 -38.9892 -2.0969 0.0622 0.0020 0.0367 0.9974
401.0000 1.7360 -39.1078 -2.0598 0.0654 0.0035 0.0371 0.9972
402.0000 1.7860 -39.1578 -2.0539 0.0729 0.0001 0.0361 0.9967
403.0000 1.7751 -39.2617 -2.0437 0.0720 -0.0007 0.0353 0.9968
404.0000 1.7687 -39.4303 -2.2877 0.0728 -0.0035 0.0366 0.9967
405.0000 1.7932 -39.5301 -2.1759 0.0669 -0.0040 0.0376 0.9970
406.0000 1.8361 -39.6196 -2.0272 0.0605 -0.0030 0.0394 0.9974
407.0000 1.8087 -39.7229 -2.2383 0.0632 -0.0025 0.0396 0.9972
408.0000 1.8067 -39.7816 -2.3682 0.0658 -0.0030 0.0404 0.9970
409.0000 1.8140 -39.9105 -2.2253 0.0625 -0.0070 0.0408 0.9972
410.0000 1.8475 -39.9645 -2.2586 0.0608 -0.0125 0.0404 0.9973
411.0000 1.8367 -40.0494 -2.3193 0.0637 -0.0078 0.0401 0.9971
412.0000 1.8289 -40.1813 -2.1903 0.0577 -0.0045 0.0400 0.9975
413.0000 1.8367 -40.2650 -2.3842 0.0577 -0.0056 0.0409 0.9975
414.0000 1.8720 -40.3420 -2.3988 0.0607 -0.0030 0.0407 0.9973
415.0000 1.9084 -40.4663 -2.1360 0.0584 -0.0069 0.0412 0.9974
416.0000 1.8767 -40.5843 -2.2147 0.0617 -0.0069 0.0412 0.9972
417.0000 1.8704 -40.6696 -2.3264 0.0659 -0.0049 0.0415 0.9969
418.0000 1.8705 -40.7821 -2.3308 0.0658 -0.0035 0.0426 0.9969
419.0000 1.8961 -40.8428 -2.4416 0.0664 -0.0082 0.0427 0.9968
420.0000 1.8678 -40.9305 -2.3890 0.0597 -0.0078 0.0431 0.9973
421.0000 1.9098 -41.0149 -2.3718 0.0566 -0.0091 0.0436 0.9974
422.0000 1.9421 -41.1323 -2.2934 0.0572 -0.0105 0.0444 0.9973
423.0000 1.9315 -41.2712 -2.0266 0.0519 -0.0067 0.0450 0.9976
424.0000 1.9381 -41.3347 -2.3262 0.0535 -0.0062 0.0458 0.9975
425.0000 1.9568 -41.4271 -2.3536 0.0616 -0.0093 0.0461 0.9970
426.0000 1.9446 -41.5194 -2.5063 0.0676 -0.0058 0.0462 0.9966
427.0000 1.9550 -41.6244 -2.3994 0.0623 -0.0015 0.0477 0.9969
428.0000 1.9795 -41.6926 -2.4982 0.0632 -0.0031 0.0486 0.9968
429.0000 1.9894 -41.7896 -2.5371 0.0655 -0.0038 0.0494 0.9966
430.0000 2.0260 -41.8903 -2.5540 0.0663 -0.0104 0.0505 0.9965
431.0000 2.0234 -42.0365 -2.5321 0.0704 -0.0096 0.0511 0.9962
432.0000 1.9878 -42.0748 -2.6932 0.0740 -0.0043 0.0515 0.9959
433.0000 2.0468 -42.1534 -2.6087 0.0739 -0.0052 0.0519 0.9959
434.0000 2.0702 -42.2875 -2.5824 0.0742 -0.0055 0.0525 0.9958
435.0000 2.0564 -42.3734 -2.6312 0.0734 -0.0073 0.0531 0.9959
436.0000 2.0755 -42.4581 -2.5950 0.0716 -0.0091 0.0535 0.9960
437.0000 2.0595 -42.5784 -2.7080 0.0756 -0.0067 0.0535 0.9957
438.0000 2.0827 -42.6472 -2.7375 0.0781 -0.0046 0.0543 0.9955
439.0000 2.1120 -42.7442 -2.7454 0.0790 -0.0067 0.0548 0.9953
440.0000 2.1194 -42.8753 -2.6531 0.0786 -0.0087 0.0557 0.9953
441.0000 2.1314 -42.9616 -2.7712 0.0807 -0.0097 0.0552 0.9952
442.0000 2.1148 -43.0617 -2.7268 0.0801 -0.0067 0.0556 0.9952
443.0000 2.1395 -43.1368 -2.6787 0.0799 -0.0084 0.0552 0.9952
444.0000 2.1639 -43.1981 -2.8013 0.0791 -0.0063 0.0553 0.9953
445.0000 2.1751 -43.3074 -2.7264 0.0733 -0.0054 0.0561 0.9957
446.0000 2.1624 -43.4167 -2.7462 0.0734 -0.0052 0.0562 0.9957
447.0000 2.1724 -43.4795 -2.7704 0.0736 -0.0053 0.0560 0.9957
448.0000 2.1861 -43.5716 -2.8743 0.0696 -0.0066 0.0569 0.9959
449.0000 2.2007 -43.6660 -2.9089 0.0664 -0.0065 0.0574 0.9961
450.0000 2.2241 -43.7156 -2.9324 0.0687 -0.0063 0.0579 0.9959
451.0000 2.2478 -43.8358 -2.8036 0.0693 -0.0073 0.0575 0.9959
452.0000 2.2399 -43.9316 -2.9228 0.0687 -0.0074 0.0576 0.9959
453.0000 2.2333 -44.0076 -3.0013 0.0678 -0.0083 0.0578 0.9960
454.0000 2.2799 -44.1615 -2.6917 0.0645 -0.0073 0.0589 0.9962
455.0000 2.2941 -44.2341 -2.8508 0.0693 -0.0068 0.0586 0.9959
456.0000 2.2970 -44.3320 -2.9599 0.0732 -0.0026 0.0590 0.9956
457.0000 2.3021 -44.4343 -2.8812 0.0722 -0.0014 0.0591 0.9956
458.0000 2.2893 -44.5002 -2.9944 0.0704 -0.0003 0.0599 0.9957
459.0000 2.3372 -44.6085 -2.9782 0.0699 -0.0004 0.0603 0.9957
460.0000 2.3469 -44.7200 -3.0082 0.0736 -0.0022 0.0601 0.9955
461.0000 2.3984 -44.8140 -2.7843 0.0689 -0.0036 0.0597 0.9958
462.0000 2.4033 -44.9196 -2.8675 0.0660 -0.0014 0.0611 0.9959
463.0000 2.3674 -44.9969 -3.0253 0.0697 -0.0014 0.0607 0.9957
464.0000 2.3765 -45.0773 -3.0677 0.0685 -0.0015 0.0606 0.9958
465.0000 2.4172 -45.2018 -2.8711 0.0622 0.0016 0.0610 0.9962
466.0000 2.4316 -45.2847 -2.8327 0.0603 -0.0007 0.0621 0.9962
467.0000 2.4225 -45.3609 -3.0354 0.0661 -0.0009 0.0621 0.9959
468.0000 2.4630 -45.4784 -2.9238 0.0651 -0.0008 0.0630 0.9959
469.0000 2.4450 -45.5495 -3.1790 0.0712 -0.0032 0.0631 0.9955
470.0000 2.4438 -45.6310 -3.2115 0.0725 -0.0029 0.0639 0.9953
471.0000 2.4926 -45.7596 -3.0310 0.0670 -0.0038 0.0644 0.9957
472.0000 2.5272 -45.8404 -3.0110 0.0650 -0.0040 0.0647 0.9958
473.0000 2.4957 -45.9291 -3.1745 0.0677 -0.0039 0.0645 0.9956
474.0000 2.5109 -46.0228 -3.0682 0.0637 -0.0067 0.0641 0.9959
475.0000 2.5177 -46.1325 -3.1055 0.0639 -0.0050 0.0644 0.9959
476.0000 2.5513 -46.1921 -3.1907 0.0659 -0.0071 0.0646 0.9957
477.0000 2.5706 -46.3044 -3.1809 0.0677 -0.0049 0.0656 0.9955
478.0000 2.5739 -46.3929 -3.2039 0.0672 -0.0043 0.0659 0.9956
479.0000 2.5986 -46.5301 -3.1273 0.0667 -0.0023 0.0669 0.9955
480.0000 2.6316 -46.5652 -3.1577 0.0680 -0.0050 0.0673 0.9954
481.0000 2.6036 -46.6314 -3.2931 0.0674 -0.0064 0.0675 0.9954
482.0000 2.6253 -46.7755 -3.2640 0.0646 -0.0064 0.0673 0.9956
483.0000 2.6202 -46.8631 -3.3321 0.0668 -0.0048 0.0674 0.9955
484.0000 2.6259 -46.9344 -3.2562 0.0652 -0.0045 0.0676 0.9956
485.0000 2.6668 -47.0487 -3.2551 0.0645 -0.0040 0.0680 0.9956
486.0000 2.6478 -47.1176 -3.3733 0.0658 -0.0044 0.0680 0.9955
487.0000 2.6801 -47.2363 -3.3498 0.0658 -0.0021 0.0685 0.9955
488.0000 2.6921 -47.3472 -3.3234 0.0665 -0.0015 0.0689 0.9954
489.0000 2.7147 -47.4093 -3.4250 0.0676 -0.0023 0.0701 0.9952
490.0000 2.7446 -47.5390 -3.3813 0.0678 -0.0017 0.0706 0.9952
491.0000 2.7332 -47.6281 -3.3743 0.0679 -0.0043 0.0705 0.9952
492.0000 2.7480 -47.7310 -3.3452 0.0669 -0.0042 0.0711 0.9952
493.0000 2.7936 -47.8464 -3.3318 0.0671 -0.0017 0.0714 0.9952
494.0000 2.7932 -47.8970 -3.4110 0.0667 -0.0043 0.0708 0.9952
495.0000 2.8039 -47.9659 -3.3938 0.0669 -0.0063 0.0707 0.9952
496.0000 2.8349 -48.1041 -3.3737 0.0651 -0.0037 0.0712 0.9953
497.0000 2.8404 -48.1791 -3.4842 0.0657 -0.0047 0.0718 0.9952
498.0000 2.8459 -48.3022 -3.4480 0.0688 -0.0038 0.0719 0.9950
499.0000 2.8567 -48.3742 -3.5245 0.0685 -0.0013 0.0724 0.9950
500.0000 2.8756 -48.5384 -3.6239 0.0698 -0.0050 0.0733 0.9948
501.0000 2.8870 -48.6523 -3.5130 0.0670 -0.0076 0.0736 0.9950
502.0000 2.9119 -48.7285 -3.5434 0.0660 -0.0091 0.0738 0.9950
503.0000 2.9110 -48.8308 -3.5487 0.0634 -0.0071 0.0739 0.9952
504.0000 2.9561 -48.9152 -3.5373 0.0616 -0.0060 0.0744 0.9953
505.0000 2.9262 -48.9934 -3.6713 0.0637 -0.0036 0.0744 0.9952
506.0000 2.9675 -49.1062 -3.5066 0.0590 -0.0033 0.0749 0.9954
507.0000 2.9809 -49.2199 -3.5497 0.0589 -0.0052 0.0756 0.9954
508.0000 2.9789 -49.2884 -3.7035 0.0651 -0.0025 0.0755 0.9950
509.0000 2.9923 -49.3539 -3.6305 0.0628 -0.0017 0.0759 0.9951
510.0000 3.0334 -49.4308 -3.6107 0.0611 -0.0055 0.0761 0.9952
511.0000 3.0458 -49.5444 -3.7191 0.0632 -0.0056 0.0766 0.9950
512.0000 3.0574 -49.6995 -3.5506 0.0622 -0.0029 0.0768 0.9951
513.0000 3.0580 -49.7751 -3.5821 0.0590 -0.0058 0.0769 0.9953
514.0000 3.0497 -49.8277 -3.7694 0.0625 -0.0064 0.0771 0.9950
515.0000 3.0889 -49.9471 -3.7062 0.0634 -0.0042 0.0764 0.9951
516.0000 3.1284 -50.0071 -3.6999 0.0597 -0.0071 0.0771 0.9952
517.0000 3.1605 -50.0797 -3.6841 0.0568 -0.0067 0.0782 0.9953
518.0000 3.1529 -50.2193 -3.7374 0.0649 -0.0026 0.0778 0.9949
519.0000 3.1476 -50.3078 -3.7880 0.0644 -0.0030 0.0782 0.9949
520.0000 3.1862 -50.3966 -3.7598 0.0619 -0.0042 0.0788 0.9950
521.0000 3.1856 -50.5105 -3.7495 0.0653 -0.0044 0.0789 0.9947
522.0000 3.1980 -50.5881 -3.8490 0.0666 -0.0056 0.0790 0.9946
523.0000 3.1905 -50.6622 -3.7806 0.0629 -0.0055 0.0788 0.9949
524.0000 3.2156 -50.7513 -3.8686 0.0623 -0.0072 0.0793 0.9949
525.0000 3.2276 -50.8583 -3.8636 0.0663 -0.0064 0.0788 0.9947
526.0000 3.2467 -50.9896 -3.8567 0.0657 -0.0007 0.0792 0.9947
527.0000 3.3094 -51.0431 -4.0133 0.0708 -0.0043 0.0798 0.9943
528.0000 3.3022 -51.1507 -4.0243 0.0731 -0.0065 0.0795 0.9941
529.0000 3.3359 -51.2568 -3.9294 0.0736 -0.0076 0.0803 0.9940
530.0000 3.3415 -51.3885 -3.8810 0.0728 -0.0072 0.0806 0.9941
531.0000 3.3447 -51.4623 -4.0879 0.0746 -0.0042 0.0811 0.9939
532.0000 3.3725 -51.5142 -4.0504 0.0724 -0.0060 0.0809 0.9941
533.0000 3.2840 -51.4696 -4.0592 0.0748 -0.0057 0.0712 0.9946
534.0000 3.2444 -51.5657 -3.8915 0.0735 -0.0057 0.0572 0.9956
535.0000 3.3009 -51.6457 -3.7107 0.0720 -0.0056 0.0434 0.9964
536.0000 3.2997 -51.7080 -3.8401 0.0726 -0.0040 0.0262 0.9970
537.0000 3.3168 -51.7468 -4.0178 0.0721 -0.0007 0.0101 0.9973
538.0000 3.3021 -51.8752 -3.9599 0.0710 0.0011 -0.0072 0.9974
539.0000 3.2958 -51.9639 -3.9671 0.0707 0.0020 -0.0229 0.9972
540.0000 3.3168 -52.0016 -4.0669 0.0717 0.0032 -0.0397 0.9966
541.0000 3.3341 -52.0968 -4.0094 0.0705 0.0050 -0.0567 0.9959
542.0000 3.2752 -52.2044 -4.0229 0.0667 0.0095 -0.0773 0.9947
543.0000 3.4382 -52.3066 -4.1528 0.0702 0.0084 -0.0942 0.9930
544.0000 3.4389 -52.5765 -4.0821 0.0663 0.0112 -0.0906 0.9936
545.0000 3.3849 -52.6716 -4.2050 0.0605 0.0104 -0.0852 0.9945
546.0000 3.3828 -52.6675 -4.3381 0.0660 0.0027 -0.0809 0.9945
547.0000 3.3154 -52.8770 -4.1701 0.0623 0.0067 -0.0655 0.9959
548.0000 3.3298 -52.9775 -4.1793 0.0643 0.0051 -0.0583 0.9962
549.0000 3.2791 -53.1116 -4.2632 0.0678 0.0084 -0.0496 0.9964
550.0000 3.3731 -53.2557 -4.3363 0.0719 0.0036 -0.0302 0.9969
551.0000 3.2292 -53.2863 -4.2501 0.0697 -0.0005 -0.0085 0.9975
552.0000 3.1958 -53.3547 -4.2205 0.0711 0.0023 0.0055 0.9975
553.0000 3.2459 -53.4361 -4.2313 0.0707 0.0024 0.0199 0.9973
554.0000 3.2109 -53.5107 -4.1307 0.0691 0.0018 0.0303 0.9971
555.0000 3.2363 -53.5843 -4.3073 0.0712 0.0016 0.0426 0.9966
556.0000 3.2477 -53.6231 -4.2263 0.0690 -0.0017 0.0537 0.9962
557.0000 3.2901 -53.7009 -4.3270 0.0698 -0.0034 0.0630 0.9956
558.0000 3.3246 -53.7671 -4.4265 0.0708 -0.0046 0.0695 0.9951
559.0000 3.3463 -53.8086 -4.3882 0.0706 -0.0059 0.0733 0.9948
560.0000 3.3625 -53.9620 -4.2972 0.0688 -0.0033 0.0739 0.9949
561.0000 3.3497 -53.9729 -4.3374 0.0682 -0.0033 0.0760 0.9948
562.0000 3.3626 -54.0979 -4.4110 0.0686 -0.0012 0.0764 0.9947
563.0000 3.3729 -54.1906 -4.3545 0.0679 -0.0020 0.0769 0.9947
564.0000 3.4143 -54.2336 -4.5358 0.0684 -0.0017 0.0773 0.9947
565.0000 3.2662 -54.3093 -4.4780 0.0708 -0.0040 0.0725 0.9948
566.0000 3.2888 -54.3787 -4.1857 0.0658 -0.0037 0.0627 0.9959
567.0000 3.2888 -54.4497 -4.1610 0.0619 -0.0002 0.0493 0.9969
568.0000 3.3061 -54.4780 -4.2896 0.0627 0.0003 0.0357 0.9974
569.0000 3.3219 -54.5693 -4.2355 0.0600 0.0023 0.0227 0.9979
570.0000 3.3442 -54.6213 -4.3056 0.0616 0.0018 0.0105 0.9980
571.0000 3.3265 -54.6828 -4.3579 0.0584 -0.0001 -0.0082 0.9983
572.0000 3.3577 -54.8167 -4.3914 0.0581 0.0024 -0.0220 0.9981
573.0000 3.3547 -54.8784 -4.5532 0.0591 0.0045 -0.0372 0.9975
574.0000 3.3409 -55.0018 -4.4576 0.0599 0.0088 -0.0493 0.9969
575.0000 3.3335 -55.0592 -4.4901 0.0683 0.0059 -0.0601 0.9958
576.0000 3.3017 -55.1783 -4.4390 0.0627 0.0095 -0.0755 0.9951
577.0000 3.3304 -55.2158 -4.4170 0.0627 0.0100 -0.0879 0.9941
578.0000 3.4931 -55.4881 -4.4058 0.0547 0.0152 -0.1033 0.9930
579.0000 3.4708 -55.5441 -4.5807 0.0620 0.0107 -0.1033 0.9927
580.0000 3.3720 -55.6936 -4.5498 0.0613 0.0121 -0.1040 0.9926
581.0000 3.3496 -55.8911 -4.5471 0.0640 0.0124 -0.0954 0.9933
582.0000 3.3103 -55.9139 -4.4735 0.0600 0.0097 -0.0841 0.9946
583.0000 3.2881 -55.9834 -4.6446 0.0608 0.0087 -0.0731 0.9954
584.0000 3.2825 -56.0492 -4.6733 0.0614 0.0078 -0.0614 0.9962
585.0000 3.2747 -56.1262 -4.6345 0.0608 0.0065 -0.0506 0.9968
586.0000 3.3466 -56.1475 -4.6210 0.0584 0.0043 -0.0446 0.9973
587.0000 3.3152 -56.2462 -4.5558 0.0580 0.0074 -0.0432 0.9974
588.0000 3.3596 -56.3429 -4.5459 0.0592 0.0066 -0.0410 0.9974
589.0000 3.2754 -56.4524 -4.6636 0.0596 0.0068 -0.0398 0.9974
590.0000 3.2780 -56.5512 -4.6310 0.0543 0.0033 -0.0388 0.9978
591.0000 3.2869 -56.6110 -4.6348 0.0635 0.0042 -0.0392 0.9972
592.0000 3.3255 -56.6994 -4.6551 0.0674 0.0043 -0.0374 0.9970
593.0000 3.2927 -56.9055 -4.5192 0.0640 0.0069 -0.0368 0.9972
594.0000 3.2974 -56.9063 -4.7244 0.0684 0.0047 -0.0366 0.9970
595.0000 3.3159 -57.0468 -4.8170 0.0741 0.0048 -0.0363 0.9966
596.0000 3.2885 -57.1070 -4.8325 0.0734 0.0074 -0.0368 0.9966
597.0000 3.2926 -57.1842 -4.8139 0.0673 0.0078 -0.0360 0.9971
598.0000 3.2566 -57.2624 -4.8117 0.0619 0.0060 -0.0352 0.9974
599.0000 3.2318 -57.3751 -4.8121 0.0616 0.0064 -0.0348 0.9975
600.0000 3.1886 -57.4662 -4.7318 0.0560 0.0086 -0.0345 0.9978
601.0000 3.2282 -57.5716 -4.7635 0.0517 0.0075 -0.0329 0.9981
602.0000 3.1964 -57.7645 -4.8292 0.0573 0.0031 -0.0330 0.9978
603.0000 3.1999 -57.8560 -4.8495 0.0534 0.0037 -0.0321 0.9981
604.0000 3.1966 -57.9261 -4.8360 0.0534 0.0022 -0.0313 0.9981
605.0000 3.1995 -58.0379 -4.9102 0.0541 0.0036 -0.0305 0.9981
606.0000 3.1911 -58.1180 -4.9825 0.0582 0.0001 -0.0298 0.9979
607.0000 3.1529 -58.1958 -4.8786 0.0525 -0.0017 -0.0295 0.9982
608.0000 3.1703 -58.3440 -4.8726 0.0532 0.0016 -0.0291 0.9982
609.0000 3.1802 -58.4228 -4.6901 0.0508 0.0001 -0.0274 0.9983
610.0000 3.1704 -58.5238 -4.8188 0.0512 0.0011 -0.0270 0.9983
611.0000 3.1467 -58.6378 -4.9385 0.0531 0.0042 -0.0276 0.9982
612.0000 3.1949 -58.6773 -4.9862 0.0592 0.0016 -0.0259 0.9979
613.0000 3.1489 -58.7928 -4.7681 0.0596 0.0017 -0.0266 0.9979
614.0000 3.1712 -58.8995 -5.0077 0.0679 -0.0004 -0.0267 0.9973
615.0000 3.1603 -59.0185 -4.9899 0.0713 0.0028 -0.0268 0.9971
616.0000 3.1854 -59.1391 -4.9100 0.0719 0.0061 -0.0262 0.9971
617.0000 3.1502 -59.3164 -5.0648 0.0739 0.0052 -0.0255 0.9969
618.0000 3.1553 -59.4103 -5.0823 0.0749 0.0055 -0.0248 0.9969
619.0000 3.1777 -59.5177 -5.1936 0.0764 0.0060 -0.0240 0.9968
620.0000 3.1364 -59.5957 -5.1723 0.0765 0.0037 -0.0241 0.9968
621.0000 3.1403 -59.6873 -5.0945 0.0758 0.0042 -0.0235 0.9968
622.0000 3.1187 -59.7710 -5.1255 0.0762 0.0039 -0.0242 0.9968
623.0000 3.1356 -59.8890 -5.1662 0.0769 0.0049 -0.0235 0.9967
624.0000 3.1310 -59.9661 -5.1569 0.0756 0.0046 -0.0234 0.9969
625.0000 3.1194 -60.0662 -5.0893 0.0751 0.0043 -0.0225 0.9969
626.0000 3.1227 -60.1048 -5.2671 0.0760 0.0034 -0.0220 0.9969
627.0000 3.1282 -60.2232 -5.1509 0.0673 0.0035 -0.0209 0.9975
628.0000 3.0901 -60.3030 -5.2648 0.0718 0.0047 -0.0209 0.9972
629.0000 3.1047 -60.3839 -5.2428 0.0704 0.0004 -0.0188 0.9973
630.0000 3.0800 -60.5216 -5.1447 0.0660 -0.0006 -0.0185 0.9976
631.0000 3.0772 -60.5948 -5.0840 0.0602 -0.0007 -0.0183 0.9980
632.0000 3.1208 -60.6602 -5.2737 0.0684 -0.0008 -0.0175 0.9975
633.0000 3.0788 -60.7897 -5.2200 0.0695 -0.0001 -0.0186 0.9974
634.0000 3.0774 -60.9383 -5.2402 0.0689 -0.0006 -0.0170 0.9975
635.0000 3.1064 -61.0519 -5.2483 0.0681 -0.0012 -0.0164 0.9975
636.0000 3.0706 -61.1961 -5.2917 0.0662 -0.0003 -0.0164 0.9977
637.0000 3.0288 -61.2568 -5.2827 0.0642 0.0010 -0.0164 0.9978
638.0000 3.0578 -61.3404 -5.3877 0.0658 0.0014 -0.0159 0.9977
639.0000 3.0604 -61.4416 -5.4247 0.0674 0.0002 -0.0155 0.9976
640.0000 3.0666 -61.5451 -5.3268 0.0639 -0.0006 -0.0149 0.9978
641.0000 3.0270 -61.5796 -5.5058 0.0680 -0.0026 -0.0147 0.9976
642.0000 3.0803 -61.7098 -5.4133 0.0707 -0.0035 -0.0141 0.9974
643.0000 3.0576 -61.7997 -5.2923 0.0644 -0.0028 -0.0142 0.9978
644.0000 3.0537 -61.8745 -5.4362 0.0609 -0.0009 -0.0131 0.9981
645.0000 3.0426 -61.9663 -5.5469 0.0638 -0.0013 -0.0135 0.9979
646.0000 3.0635 -62.0547 -5.5014 0.0635 0.0021 -0.0128 0.9979
647.0000 3.0596 -62.1475 -5.4636 0.0602 0.0012 -0.0126 0.9981
648.0000 3.0458 -62.2497 -5.4492 0.0583 -0.0011 -0.0123 0.9982
649.0000 3.0108 -62.4687 -5.5455 0.0585 -0.0022 -0.0113 0.9982
650.0000 3.0154 -62.5647 -5.4154 0.0592 0.0015 -0.0110 0.9982
651.0000 3.0500 -62.6121 -5.5319 0.0578 -0.0003 -0.0104 0.9983
652.0000 3.0360 -62.7714 -5.4508 0.0574 0.0042 -0.0095 0.9983
653.0000 3.0383 -62.8025 -5.5935 0.0623 0.0010 -0.0092 0.9980
654.0000 3.0397 -62.9285 -5.6723 0.0701 0.0005 -0.0098 0.9975
655.0000 3.0318 -63.0227 -5.5942 0.0690 -0.0012 -0.0099 0.9976
656.0000 3.0555 -63.1456 -5.5559 0.0681 0.0013 -0.0089 0.9976
657.0000 3.0250 -63.2524 -5.6057 0.0730 0.0021 -0.0087 0.9973
658.0000 3.0333 -63.2798 -5.7110 0.0754 0.0025 -0.0084 0.9971
659.0000 3.0426 -63.4182 -5.6731 0.0665 0.0013 -0.0082 0.9978
660.0000 2.9064 -63.4545 -5.7389 0.0672 -0.0008 -0.0103 0.9977
661.0000 2.8899 -63.6371 -5.6326 0.0661 0.0018 -0.0284 0.9974
662.0000 2.9194 -63.6534 -5.7029 0.0664 0.0020 -0.0385 0.9970
663.0000 2.9047 -63.7360 -5.6633 0.0659 0.0032 -0.0522 0.9965
664.0000 2.9483 -63.7176 -5.7089 0.0662 0.0035 -0.0661 0.9956
665.0000 2.8769 -63.8423 -5.6705 0.0650 0.0052 -0.0847 0.9943
666.0000 2.8809 -63.7930 -5.6994 0.0659 0.0046 -0.1047 0.9923
667.0000 2.8929 -63.8530 -5.6605 0.0654 0.0060 -0.1289 0.9895
668.0000 2.8546 -63.9699 -5.7537 0.0649 0.0088 -0.1514 0.9863
669.0000 2.8738 -63.9729 -5.7327 0.0650 0.0099 -0.1786 0.9817
670.0000 2.8717 -64.1754 -5.7081 0.0637 0.0132 -0.2057 0.9764
671.0000 2.8443 -64.1774 -5.7347 0.0640 0.0131 -0.2267 0.9718
672.0000 2.7612 -64.3343 -5.8113 0.0641 0.0149 -0.2511 0.9657
673.0000 2.7285 -64.3785 -5.8039 0.0633 0.0166 -0.2750 0.9592
674.0000 2.7249 -64.5449 -5.7550 0.0618 0.0190 -0.2986 0.9522
675.0000 2.7989 -64.8608 -5.7623 0.0600 0.0181 -0.3055 0.9501
676.0000 2.6961 -64.9252 -5.8564 0.0629 0.0155 -0.3061 0.9498
677.0000 2.6891 -65.0107 -5.8073 0.0599 0.0178 -0.3037 0.9507
678.0000 2.6053 -65.0718 -5.9450 0.0590 0.0166 -0.3020 0.9513
679.0000 2.5467 -65.0950 -5.9291 0.0549 0.0139 -0.2997 0.9523
680.0000 2.5290 -65.1794 -5.9049 0.0489 0.0199 -0.2968 0.9535
681.0000 2.4293 -65.2621 -5.9250 0.0444 0.0210 -0.2930 0.9548
682.0000 2.3849 -65.3499 -5.9105 0.0427 0.0163 -0.2900 0.9559
683.0000 2.3211 -65.4232 -5.9677 0.0415 0.0115 -0.2862 0.9572
684.0000 2.2752 -65.4822 -5.9056 0.0380 0.0080 -0.2821 0.9586
685.0000 2.2055 -65.5507 -5.9112 0.0356 0.0062 -0.2792 0.9596
686.0000 2.1651 -65.5963 -5.9219 0.0334 0.0075 -0.2759 0.9606
687.0000 2.1146 -65.6790 -5.9627 0.0278 0.0084 -0.2728 0.9616
688.0000 2.0076 -65.7830 -5.9494 0.0198 0.0033 -0.2664 0.9637
689.0000 1.9540 -65.8842 -5.9467 0.0211 0.0031 -0.2639 0.9643
690.0000 1.9363 -65.9722 -5.9356 0.0210 0.0030 -0.2604 0.9653
691.0000 1.8737 -66.0559 -5.9537 0.0207 0.0034 -0.2571 0.9661
692.0000 1.8462 -66.1158 -5.9213 0.0198 0.0041 -0.2535 0.9671
693.0000 1.7781 -66.1925 -5.9780 0.0199 0.0039 -0.2497 0.9681
694.0000 1.7358 -66.2865 -5.9655 0.0180 0.0011 -0.2463 0.9690
695.0000 1.6815 -66.3477 -5.9730 0.0161 -0.0004 -0.2428 0.9699
696.0000 1.6290 -66.4097 -5.9976 0.0131 -0.0023 -0.2394 0.9708
697.0000 1.5889 -66.5065 -5.9601 0.0120 -0.0017 -0.2369 0.9715
698.0000 1.5506 -66.5766 -5.9688 0.0119 0.0007 -0.2344 0.9721
699.0000 1.4850 -66.7276 -5.9857 0.0090 0.0001 -0.2278 0.9737
700.0000 1.4301 -66.7976 -5.9936 0.0088 -0.0000 -0.2244 0.9745
701.0000 1.3939 -66.8804 -5.9487 0.0088 -0.0007 -0.2209 0.9753
702.0000 1.3609 -66.9744 -6.0202 0.0092 -0.0001 -0.2176 0.9760
703.0000 1.3298 -67.0493 -5.9760 0.0077 0.0010 -0.2141 0.9768
704.0000 1.2831 -67.1226 -5.9973 0.0080 -0.0002 -0.2110 0.9775
705.0000 1.2453 -67.1987 -5.9921 0.0084 -0.0009 -0.2077 0.9782
706.0000 1.1980 -67.2735 -5.9744 0.0062 -0.0019 -0.2046 0.9788
707.0000 1.1824 -67.3621 -5.9705 0.0037 -0.0025 -0.2020 0.9794
708.0000 1.1514 -67.4485 -6.0378 0.0057 -0.0005 -0.1991 0.9800
709.0000 1.0665 -67.6259 -5.9985 0.0059 -0.0021 -0.1928 0.9812
710.0000 1.0276 -67.6961 -6.0051 0.0060 -0.0014 -0.1896 0.9818
711.0000 0.9934 -67.7968 -5.9902 0.0084 -0.0003 -0.1860 0.9825
712.0000 0.9807 -67.8825 -6.0125 0.0075 0.0002 -0.1845 0.9828
713.0000 0.9539 -67.9485 -6.0246 0.0085 -0.0011 -0.1836 0.9830
714.0000 0.9025 -68.0290 -5.9901 0.0081 -0.0018 -0.1833 0.9830
715.0000 0.8773 -68.1242 -6.0035 0.0081 -0.0021 -0.1835 0.9830
716.0000 0.8424 -68.1591 -6.0316 0.0076 -0.0021 -0.1857 0.9826
717.0000 0.8217 -68.2324 -6.0286 0.0082 -0.0020 -0.1916 0.9814
718.0000 0.7354 -68.3162 -6.0654 0.0075 -0.0016 -0.2083 0.9780
719.0000 0.6927 -68.3883 -6.0649 0.0061 0.0004 -0.2184 0.9758
720.0000 0.6316 -68.5059 -6.0830 0.0064 0.0006 -0.2281 0.9736
721.0000 0.6793 -68.6860 -6.0173 0.0017 0.0035 -0.2296 0.9733
722.0000 0.6126 -68.7356 -5.9975 0.0056 0.0023 -0.2274 0.9738
723.0000 0.5595 -68.8814 -6.1036 0.0069 -0.0002 -0.2215 0.9751
724.0000 0.5300 -68.9151 -6.0638 0.0045 -0.0011 -0.2145 0.9767
725.0000 0.5264 -68.9860 -5.9681 0.0044 0.0001 -0.2099 0.9777
726.0000 0.4561 -69.1051 -5.9939 0.0036 -0.0022 -0.2085 0.9780
727.0000 0.3919 -69.2105 -6.0916 0.0059 -0.0025 -0.2108 0.9775
728.0000 0.3280 -69.2090 -6.0659 0.0045 -0.0017 -0.2162 0.9763
729.0000 0.2717 -69.2689 -5.9021 0.0017 0.0007 -0.2218 0.9751
730.0000 0.2533 -69.3194 -6.0420 0.0038 0.0002 -0.2286 0.9735
731.0000 0.2274 -69.4637 -5.9883 0.0042 0.0006 -0.2358 0.9718
732.0000 0.1609 -69.5416 -6.0527 0.0042 0.0007 -0.2427 0.9701
733.0000 0.1845 -69.6746 -6.0470 0.0032 0.0012 -0.2429 0.9700
734.0000 0.1069 -69.8603 -6.1310 0.0090 -0.0024 -0.2425 0.9701
735.0000 0.0592 -69.9235 -6.0519 0.0069 -0.0017 -0.2419 0.9703
736.0000 0.0221 -70.0469 -5.9488 0.0072 -0.0009 -0.2426 0.9701
737.0000 -0.0284 -70.1208 -6.0712 0.0081 -0.0009 -0.2428 0.9700
738.0000 -0.0545 -70.1971 -6.1028 0.0057 -0.0014 -0.2422 0.9702
739.0000 -0.0927 -70.2630 -6.0721 0.0054 -0.0009 -0.2428 0.9701
740.0000 -0.1951 -70.4385 -6.0801 0.0051 -0.0009 -0.2423 0.9702
741.0000 -0.2404 -70.5257 -6.0297 0.0039 0.0002 -0.2412 0.9705
742.0000 -0.2691 -70.6027 -6.1308 0.0114 0.0014 -0.2404 0.9706
743.0000 -0.3250 -70.7175 -6.0801 0.0021 -0.0014 -0.2409 0.9705
744.0000 -0.3765 -70.7865 -6.0808 0.0017 -0.0040 -0.2404 0.9707
745.0000 -0.4359 -70.8567 -6.1034 0.0045 -0.0045 -0.2394 0.9709
746.0000 -0.4979 -70.9513 -5.8841 0.0029 -0.0007 -0.2374 0.9714
747.0000 -0.5962 -71.1341 -5.9861 -0.0019 0.0047 -0.2177 0.9760
748.0000 -0.7023 -71.2211 -5.8171 -0.0011 0.0054 -0.2060 0.9785
749.0000 -0.7530 -71.3119 -5.9007 -0.0007 0.0016 -0.1915 0.9815
750.0000 -0.6948 -71.3775 -6.0262 -0.0013 -0.0022 -0.1754 0.9845
751.0000 -0.7596 -71.4075 -6.1630 0.0046 -0.0022 -0.1634 0.9865
752.0000 -0.7308 -71.4954 -6.1876 0.0041 -0.0021 -0.1480 0.9890
753.0000 -0.8307 -71.6235 -6.0468 0.0021 -0.0023 -0.1155 0.9933
754.0000 -0.8550 -71.7036 -6.0956 0.0043 -0.0043 -0.0966 0.9953
755.0000 -0.8451 -71.7379 -6.1370 0.0023 -0.0056 -0.0781 0.9969
756.0000 -0.8153 -71.7826 -6.0996 0.0029 -0.0048 -0.0603 0.9982
757.0000 -0.8066 -71.8460 -6.1652 0.0023 -0.0056 -0.0419 0.9991
758.0000 -0.7938 -71.8463 -6.0502 0.0025 -0.0041 -0.0277 0.9996
759.0000 -0.7756 -71.9991 -6.0860 0.0034 -0.0046 -0.0038 1.0000
760.0000 -0.8001 -72.0921 -6.0812 0.0039 -0.0045 0.0091 0.9999
761.0000 -0.7934 -72.1631 -6.0850 0.0047 -0.0038 0.0219 0.9997
762.0000 -0.7378 -72.2024 -6.1758 0.0035 -0.0048 0.0340 0.9994
763.0000 -0.8044 -72.1856 -6.1406 0.0009 -0.0063 0.0377 0.9993
764.0000 -0.8178 -72.3020 -6.1105 0.0053 -0.0055 0.0360 0.9993
765.0000 -0.7777 -72.4195 -6.0361 0.0045 -0.0048 0.0362 0.9993
766.0000 -0.7382 -72.6098 -6.0877 0.0024 -0.0037 0.0367 0.9993
767.0000 -0.7555 -72.6867 -6.1315 0.0034 -0.0044 0.0370 0.9993
768.0000 -0.7733 -72.7644 -6.1628 0.0040 -0.0043 0.0371 0.9993
769.0000 -0.7615 -72.8605 -6.1631 0.0029 -0.0046 0.0377 0.9993
770.0000 -0.7761 -72.9369 -6.1022 0.0021 -0.0054 0.0381 0.9993
771.0000 -0.7479 -73.0336 -6.1768 0.0027 -0.0049 0.0385 0.9992
772.0000 -0.7426 -73.1334 -6.1066 0.0024 -0.0048 0.0389 0.9992
773.0000 -0.7564 -73.3552 -6.0656 0.0023 -0.0053 0.0404 0.9992
774.0000 -0.6602 -73.4804 -6.1728 0.0031 -0.0078 0.0467 0.9989
775.0000 -0.6566 -73.5488 -6.1904 0.0022 -0.0071 0.0563 0.9984
776.0000 -0.6739 -73.6305 -6.1591 0.0026 -0.0056 0.0652 0.9979
777.0000 -0.6437 -73.6932 -6.0708 0.0030 -0.0046 0.0746 0.9972
778.0000 -0.6807 -73.6939 -6.1018 -0.0008 -0.0058 0.0783 0.9969
779.0000 -0.6630 -73.8726 -6.1273 0.0041 -0.0048 0.0746 0.9972
780.0000 -0.6533 -73.9811 -6.0795 0.0021 -0.0048 0.0724 0.9974
781.0000 -0.6409 -74.0525 -6.0698 0.0022 -0.0048 0.0689 0.9976
782.0000 -0.6439 -74.1273 -6.2612 0.0004 -0.0064 0.0646 0.9979
783.0000 -0.5986 -74.2647 -6.1393 -0.0003 -0.0054 0.0635 0.9980
784.0000 -0.5634 -74.3849 -6.0965 -0.0006 -0.0050 0.0638 0.9980
785.0000 -0.5618 -74.5577 -6.1383 -0.0014 -0.0037 0.0675 0.9977
786.0000 -0.5370 -74.6502 -6.0926 -0.0009 -0.0036 0.0703 0.9975
787.0000 -0.4710 -74.7828 -6.2069 -0.0003 -0.0038 0.0781 0.9969
788.0000 -0.4884 -74.8514 -6.1438 0.0003 -0.0030 0.0870 0.9962
789.0000 -0.4413 -74.9394 -6.1185 -0.0021 -0.0024 0.0973 0.9953
790.0000 -0.4572 -75.0010 -6.0986 0.0001 -0.0038 0.1065 0.9943
791.0000 -0.3541 -75.1596 -6.2161 -0.0003 -0.0064 0.1354 0.9908
792.0000 -0.4962 -75.1242 -6.0339 -0.0025 -0.0038 0.1383 0.9904
793.0000 -0.4523 -75.2063 -6.0823 -0.0010 -0.0065 0.1383 0.9904
794.0000 -0.4048 -75.3171 -6.2249 -0.0014 -0.0062 0.1374 0.9905
795.0000 -0.3906 -75.4160 -6.2031 -0.0017 -0.0047 0.1381 0.9904
796.0000 -0.3363 -75.5861 -6.1907 -0.0009 -0.0044 0.1398 0.9902
797.0000 -0.3090 -75.6947 -6.1318 -0.0008 -0.0034 0.1401 0.9901
798.0000 -0.2717 -75.7732 -6.1187 -0.0009 -0.0033 0.1407 0.9900
799.0000 -0.2606 -75.8543 -6.2129 0.0002 -0.0042 0.1414 0.9899
800.0000 -0.2202 -75.9548 -6.1094 0.0008 -0.0047 0.1420 0.9899
801.0000 -0.1937 -76.0552 -6.1596 0.0011 -0.0056 0.1419 0.9899
802.0000 -0.1389 -76.2466 -6.1440 0.0013 -0.0060 0.1423 0.9898
803.0000 -0.0984 -76.3440 -6.2028 0.0010 -0.0054 0.1424 0.9898
804.0000 -0.0894 -76.4188 -6.1779 0.0016 -0.0047 0.1427 0.9898
805.0000 -0.0664 -76.5159 -6.1536 0.0018 -0.0046 0.1434 0.9897
806.0000 -0.0360 -76.5956 -6.1809 0.0015 -0.0049 0.1437 0.9896
807.0000 -0.0068 -76.6821 -6.1301 0.0019 -0.0039 0.1444 0.9895
808.0000 0.0343 -76.8938 -6.1891 0.0019 -0.0056 0.1452 0.9894
809.0000 0.0695 -76.9527 -6.1389 0.0021 -0.0050 0.1455 0.9893
810.0000 0.1122 -77.0680 -6.2674 0.0029 -0.0071 0.1461 0.9892
811.0000 0.1019 -77.1364 -6.2188 0.0033 -0.0075 0.1459 0.9893
812.0000 0.1589 -77.2331 -6.1273 0.0033 -0.0043 0.1458 0.9893
813.0000 0.1799 -77.3201 -6.1666 0.0039 -0.0047 0.1463 0.9892
814.0000 0.2245 -77.5152 -6.2102 0.0041 -0.0064 0.1473 0.9891
815.0000 0.2543 -77.6024 -6.2134 0.0018 -0.0076 0.1477 0.9890
816.0000 0.2925 -77.7019 -6.2286 0.0023 -0.0060 0.1482 0.9889
817.0000 0.2894 -77.7662 -6.1586 0.0020 -0.0074 0.1485 0.9889
818.0000 0.3471 -77.8673 -6.2695 0.0018 -0.0085 0.1494 0.9887
819.0000 0.3771 -77.9743 -6.1695 0.0014 -0.0075 0.1494 0.9888
820.0000 0.3836 -78.0322 -6.1361 0.0006 -0.0100 0.1495 0.9887
821.0000 0.4665 -78.2356 -6.1373 0.0006 -0.0066 0.1501 0.9887
822.0000 0.4752 -78.3186 -6.1874 0.0014 -0.0061 0.1502 0.9886
823.0000 0.5156 -78.4145 -6.2201 0.0024 -0.0063 0.1504 0.9886
824.0000 0.5439 -78.4930 -6.1966 0.0018 -0.0062 0.1512 0.9885
825.0000 0.5743 -78.5942 -6.1691 0.0019 -0.0065 0.1516 0.9884
826.0000 0.5804 -78.6779 -6.2514 0.0019 -0.0080 0.1522 0.9883
827.0000 0.6488 -78.8591 -6.2300 0.0004 -0.0084 0.1526 0.9883
828.0000 0.6712 -78.9497 -6.2442 0.0004 -0.0088 0.1530 0.9882
829.0000 0.7081 -79.0310 -6.1580 0.0001 -0.0090 0.1527 0.9882
830.0000 0.7390 -79.1350 -6.2825 -0.0005 -0.0090 0.1531 0.9882
831.0000 0.7703 -79.2251 -6.2298 0.0005 -0.0078 0.1533 0.9881
832.0000 0.7880 -79.3048 -6.1650 0.0017 -0.0074 0.1540 0.9880
833.0000 0.8393 -79.4827 -6.1957 0.0011 -0.0076 0.1548 0.9879
834.0000 0.8603 -79.5804 -6.2139 0.0007 -0.0086 0.1555 0.9878
835.0000 0.9166 -79.6694 -6.2413 0.0008 -0.0107 0.1555 0.9878
836.0000 0.9213 -79.7456 -6.1899 0.0005 -0.0100 0.1558 0.9877
837.0000 0.9885 -79.8287 -6.2746 0.0003 -0.0114 0.1563 0.9876
838.0000 0.9789 -79.9267 -6.2413 0.0006 -0.0112 0.1560 0.9877
839.0000 1.0257 -80.0306 -6.1883 -0.0008 -0.0089 0.1561 0.9877
840.0000 1.0895 -80.1906 -6.2184 0.0001 -0.0087 0.1568 0.9876
841.0000 1.1148 -80.2873 -6.2103 0.0004 -0.0088 0.1573 0.9875
842.0000 1.1296 -80.3743 -6.2550 -0.0002 -0.0089 0.1577 0.9874
843.0000 1.1754 -80.4777 -6.2485 0.0005 -0.0080 0.1583 0.9874
844.0000 1.2043 -80.5659 -6.2106 0.0009 -0.0092 0.1586 0.9873
845.0000 1.2262 -80.6483 -6.2250 0.0010 -0.0100 0.1590 0.9872
846.0000 1.2756 -80.8200 -6.1984 0.0017 -0.0109 0.1592 0.9872
847.0000 1.2891 -80.9157 -6.2470 0.0020 -0.0096 0.1590 0.9872
848.0000 1.3504 -80.9950 -6.1987 0.0018 -0.0087 0.1593 0.9872
849.0000 1.4028 -81.0901 -6.2223 0.0024 -0.0086 0.1595 0.9872
850.0000 1.4343 -81.1991 -6.2172 0.0033 -0.0081 0.1598 0.9871
851.0000 1.5730 -81.3547 -6.2048 0.0039 -0.0072 0.1673 0.9859
852.0000 1.5849 -81.4737 -6.2999 0.0024 -0.0081 0.1834 0.9830
853.0000 1.5794 -81.5252 -6.2860 0.0022 -0.0103 0.1911 0.9815
854.0000 1.6256 -81.6229 -6.2309 0.0026 -0.0106 0.1982 0.9801
855.0000 1.6592 -81.6951 -6.2423 0.0028 -0.0107 0.2056 0.9786
856.0000 1.6879 -81.7624 -6.2571 0.0016 -0.0106 0.2130 0.9770
857.0000 1.6951 -81.8168 -6.2211 0.0011 -0.0107 0.2197 0.9755
858.0000 1.7612 -81.8814 -6.2355 0.0003 -0.0102 0.2268 0.9739
859.0000 1.7646 -81.9802 -6.2592 -0.0001 -0.0101 0.2280 0.9736
860.0000 1.8092 -82.0868 -6.2605 0.0004 -0.0095 0.2281 0.9736
861.0000 1.8729 -82.1797 -6.2480 -0.0001 -0.0092 0.2291 0.9734
862.0000 1.7870 -82.1752 -6.2873 0.0011 -0.0104 0.2243 0.9745
863.0000 1.7644 -82.1935 -6.2571 0.0015 -0.0097 0.2118 0.9773
864.0000 1.8577 -82.2829 -6.2115 -0.0043 -0.0104 0.1986 0.9800
865.0000 1.8453 -82.3809 -6.2291 -0.0012 -0.0102 0.1713 0.9852
866.0000 1.8888 -82.4552 -6.2975 -0.0002 -0.0107 0.1588 0.9873
867.0000 1.9448 -82.5348 -6.2273 -0.0009 -0.0098 0.1448 0.9894
868.0000 1.9574 -82.5999 -6.1842 -0.0008 -0.0088 0.1310 0.9913
869.0000 1.9682 -82.6360 -6.2222 -0.0008 -0.0082 0.1178 0.9930
870.0000 1.9836 -82.7082 -6.2553 0.0003 -0.0071 0.1043 0.9945
871.0000 2.0453 -82.8791 -6.3033 0.0011 -0.0063 0.0785 0.9969
872.0000 2.1068 -82.9847 -6.2451 -0.0003 -0.0059 0.0657 0.9978
873.0000 2.2578 -83.1809 -6.2764 -0.0007 -0.0059 0.0678 0.9977
874.0000 2.3114 -83.3493 -6.2902 0.0020 -0.0050 0.0812 0.9967
875.0000 2.3799 -83.4076 -6.2437 -0.0004 -0.0058 0.1044 0.9945
876.0000 2.3218 -83.4394 -6.2269 -0.0001 -0.0053 0.1234 0.9923
877.0000 2.3915 -83.5705 -6.3402 -0.0024 -0.0085 0.1612 0.9869
878.0000 2.2313 -83.4749 -6.1853 -0.0066 -0.0082 0.1663 0.9860
879.0000 2.2868 -83.5812 -6.2983 -0.0027 -0.0092 0.1653 0.9862
880.0000 2.3064 -83.6872 -6.2379 -0.0009 -0.0064 0.1647 0.9863
881.0000 2.3668 -83.7593 -6.2336 -0.0006 -0.0072 0.1654 0.9862
882.0000 2.4067 -83.8466 -6.3014 -0.0010 -0.0076 0.1665 0.9860
883.0000 2.4617 -84.0179 -6.2604 -0.0002 -0.0073 0.1672 0.9859
884.0000 2.4929 -84.1177 -6.2965 -0.0004 -0.0072 0.1679 0.9858
885.0000 2.5208 -84.2209 -6.2650 -0.0002 -0.0079 0.1684 0.9857
886.0000 2.5551 -84.3033 -6.2563 -0.0003 -0.0081 0.1684 0.9857
887.0000 2.5759 -84.3828 -6.2994 -0.0010 -0.0080 0.1688 0.9856
888.0000 2.5882 -84.4705 -6.2218 -0.0018 -0.0098 0.1693 0.9855
889.0000 2.6443 -84.5545 -6.2581 -0.0014 -0.0093 0.1690 0.9856
890.0000 2.7150 -84.7435 -6.2661 -0.0009 -0.0071 0.1693 0.9855
891.0000 2.7556 -84.8148 -6.2944 -0.0005 -0.0070 0.1698 0.9855
892.0000 2.7900 -84.9161 -6.2975 -0.0004 -0.0071 0.1703 0.9854
893.0000 2.8300 -85.0230 -6.2447 0.0002 -0.0071 0.1709 0.9853
894.0000 2.9625 -85.2402 -6.3431 0.0034 -0.0072 0.1796 0.9837
895.0000 2.9935 -85.3022 -6.2593 0.0018 -0.0090 0.1983 0.9801
896.0000 3.0411 -85.4191 -6.3016 0.0009 -0.0100 0.2308 0.9729
897.0000 3.0676 -85.4490 -6.3162 0.0013 -0.0098 0.2467 0.9690
898.0000 2.9581 -85.3623 -6.3099 -0.0040 -0.0119 0.2503 0.9681
899.0000 3.0086 -85.4504 -6.3296 -0.0005 -0.0103 0.2486 0.9686
900.0000 3.0182 -85.5211 -6.2376 0.0017 -0.0083 0.2459 0.9692
901.0000 3.0459 -85.5940 -6.2117 0.0003 -0.0085 0.2421 0.9702
902.0000 3.0890 -85.7511 -6.2780 0.0001 -0.0087 0.2333 0.9724
903.0000 3.1847 -85.8143 -6.3046 -0.0003 -0.0087 0.2290 0.9734
904.0000 3.2049 -85.9075 -6.2389 -0.0007 -0.0097 0.2246 0.9744
905.0000 3.2743 -85.9568 -6.2771 -0.0010 -0.0108 0.2197 0.9755
906.0000 3.2759 -86.0373 -6.2659 -0.0004 -0.0107 0.2154 0.9765
907.0000 3.3029 -86.1274 -6.2843 0.0001 -0.0111 0.2108 0.9775
908.0000 3.3887 -86.2759 -6.3313 0.0003 -0.0106 0.2009 0.9796
909.0000 3.4355 -86.3559 -6.2720 -0.0007 -0.0101 0.1962 0.9805
910.0000 3.4426 -86.4304 -6.2594 -0.0008 -0.0101 0.1915 0.9814
911.0000 3.4848 -86.5155 -6.2841 -0.0007 -0.0097 0.1867 0.9824
912.0000 3.5101 -86.5839 -6.2803 -0.0005 -0.0093 0.1821 0.9832
913.0000 3.5304 -86.6562 -6.2829 -0.0006 -0.0098 0.1775 0.9841
914.0000 3.5936 -86.8340 -6.3480 0.0002 -0.0106 0.1689 0.9856
915.0000 3.6728 -86.9595 -6.3176 -0.0016 -0.0116 0.1695 0.9855
916.0000 3.7489 -87.0623 -6.2682 0.0002 -0.0114 0.1696 0.9854
917.0000 3.7755 -87.1638 -6.3150 0.0009 -0.0120 0.1715 0.9851
918.0000 3.7844 -87.2445 -6.2208 -0.0008 -0.0117 0.1723 0.9850
919.0000 3.8610 -87.3340 -6.2820 -0.0010 -0.0108 0.1752 0.9845
920.0000 3.8528 -87.4214 -6.2938 0.0015 -0.0108 0.1775 0.9841
921.0000 3.9400 -87.5899 -6.3138 0.0020 -0.0108 0.1835 0.9830
922.0000 3.9684 -87.6752 -6.2786 0.0015 -0.0102 0.1868 0.9823
923.0000 4.0179 -87.7577 -6.2870 0.0016 -0.0102 0.1898 0.9818
924.0000 4.0277 -87.8265 -6.3570 -0.0000 -0.0127 0.1931 0.9811
925.0000 4.0747 -87.9057 -6.3244 0.0001 -0.0132 0.1954 0.9806
926.0000 4.1120 -88.0217 -6.3150 0.0001 -0.0133 0.1984 0.9800
927.0000 4.1826 -88.1750 -6.2995 -0.0001 -0.0133 0.2039 0.9789
928.0000 4.2339 -88.2648 -6.3233 -0.0002 -0.0130 0.2074 0.9782
929.0000 4.2544 -88.3567 -6.3208 0.0018 -0.0121 0.2103 0.9776
930.0000 4.2824 -88.4403 -6.3417 0.0028 -0.0120 0.2138 0.9768
931.0000 4.3489 -88.5177 -6.3265 0.0030 -0.0123 0.2172 0.9761
932.0000 4.3712 -88.5979 -6.3417 0.0033 -0.0117 0.2206 0.9753
933.0000 4.4612 -88.7669 -6.3626 0.0016 -0.0138 0.2269 0.9738
934.0000 4.4855 -88.8358 -6.3455 0.0022 -0.0133 0.2297 0.9732
935.0000 4.5335 -88.9354 -6.3093 0.0025 -0.0133 0.2327 0.9725
936.0000 4.5666 -89.0136 -6.3372 0.0015 -0.0136 0.2357 0.9717
937.0000 4.6172 -89.0940 -6.3358 0.0021 -0.0122 0.2386 0.9710
938.0000 4.6800 -89.1744 -6.2973 0.0025 -0.0117 0.2416 0.9703
939.0000 4.7027 -89.2539 -6.3444 0.0026 -0.0114 0.2447 0.9695
940.0000 4.8042 -89.4194 -6.3301 0.0024 -0.0113 0.2510 0.9679
941.0000 4.8491 -89.4999 -6.3711 0.0027 -0.0119 0.2547 0.9669
942.0000 4.8684 -89.5810 -6.3184 0.0031 -0.0121 0.2576 0.9662
943.0000 4.9359 -89.6477 -6.3341 0.0021 -0.0139 0.2610 0.9652
944.0000 4.9537 -89.7125 -6.3750 0.0033 -0.0144 0.2636 0.9645
945.0000 5.0091 -89.8056 -6.2984 0.0026 -0.0137 0.2661 0.9639
946.0000 5.0926 -89.9637 -6.3499 0.0007 -0.0144 0.2723 0.9621
947.0000 5.1736 -90.0481 -6.3561 0.0013 -0.0127 0.2752 0.9613
948.0000 5.2022 -90.1139 -6.3014 0.0016 -0.0134 0.2785 0.9603
949.0000 5.2535 -90.1975 -6.3443 0.0012 -0.0131 0.2820 0.9593
950.0000 5.3119 -90.2671 -6.3674 0.0020 -0.0126 0.2851 0.9584
951.0000 5.3625 -90.3341 -6.3671 0.0025 -0.0134 0.2883 0.9575
952.0000 5.3641 -90.3844 -6.3719 0.0013 -0.0144 0.2889 0.9572
953.0000 5.4766 -90.5442 -6.3185 0.0007 -0.0156 0.2899 0.9569
954.0000 5.5209 -90.6130 -6.3560 0.0004 -0.0143 0.2897 0.9570
955.0000 5.5887 -90.6947 -6.3247 -0.0008 -0.0146 0.2909 0.9566
956.0000 5.6479 -90.7766 -6.3152 0.0004 -0.0136 0.2911 0.9566
957.0000 5.6808 -90.8239 -6.4026 0.0016 -0.0133 0.2914 0.9565
958.0000 5.7571 -90.9500 -6.3571 0.0009 -0.0129 0.2919 0.9564
959.0000 5.8183 -91.0130 -6.3546 0.0004 -0.0132 0.2927 0.9561
960.0000 5.9170 -91.1608 -6.3081 0.0002 -0.0141 0.2933 0.9559
961.0000 5.9524 -91.2385 -6.3752 0.0016 -0.0148 0.2941 0.9557
962.0000 5.9845 -91.3169 -6.3275 0.0028 -0.0155 0.2938 0.9557
963.0000 6.0554 -91.3986 -6.3198 0.0018 -0.0145 0.2936 0.9558
964.0000 6.1043 -91.4759 -6.4013 0.0004 -0.0147 0.2942 0.9556
965.0000 6.2299 -91.6327 -6.3334 0.0003 -0.0144 0.2945 0.9555
966.0000 6.2640 -91.7286 -6.3495 0.0016 -0.0139 0.2948 0.9554
967.0000 6.3307 -91.7856 -6.3546 -0.0001 -0.0137 0.2955 0.9552
968.0000 6.3844 -91.8637 -6.4127 0.0017 -0.0139 0.2962 0.9550
969.0000 6.4200 -91.9514 -6.3552 0.0015 -0.0150 0.2965 0.9549
970.0000 6.4954 -92.0328 -6.3456 0.0019 -0.0152 0.2969 0.9548
971.0000 6.5241 -92.0959 -6.4041 0.0009 -0.0173 0.2970 0.9547
972.0000 6.6624 -92.2553 -6.3545 0.0011 -0.0147 0.2970 0.9548
973.0000 6.6836 -92.3224 -6.4148 0.0003 -0.0155 0.2974 0.9546
974.0000 6.7626 -92.4177 -6.3445 0.0008 -0.0137 0.2972 0.9547
975.0000 6.8097 -92.4856 -6.3203 0.0009 -0.0140 0.2979 0.9545
976.0000 6.8804 -92.5673 -6.3681 0.0004 -0.0136 0.2985 0.9543
977.0000 6.9353 -92.6319 -6.3388 0.0010 -0.0136 0.2990 0.9541
978.0000 7.0304 -92.7901 -6.3626 0.0012 -0.0145 0.2998 0.9539
979.0000 7.0834 -92.8775 -6.3376 0.0018 -0.0157 0.2999 0.9538
980.0000 7.1153 -92.9551 -6.3222 0.0036 -0.0151 0.2996 0.9539
981.0000 7.1713 -93.0153 -6.3385 0.0030 -0.0137 0.2995 0.9540
982.0000 7.2313 -93.1116 -6.3470 0.0011 -0.0146 0.3001 0.9538
983.0000 7.2984 -93.1794 -6.2913 0.0021 -0.0141 0.3002 0.9538
984.0000 7.4151 -93.3449 -6.3378 0.0013 -0.0140 0.3009 0.9535
985.0000 7.4719 -93.4168 -6.3661 0.0017 -0.0131 0.3013 0.9534
986.0000 7.5251 -93.4907 -6.4156 0.0028 -0.0128 0.3019 0.9532
987.0000 7.6266 -93.6396 -6.3512 0.0002 -0.0149 0.3024 0.9531
988.0000 7.6634 -93.7343 -6.3815 0.0002 -0.0159 0.3027 0.9530
989.0000 7.7081 -93.7937 -6.3006 0.0002 -0.0151 0.3023 0.9531
990.0000 7.7827 -93.8610 -6.4521 0.0001 -0.0143 0.3029 0.9529
991.0000 7.8262 -93.9359 -6.4059 0.0004 -0.0142 0.3030 0.9529
992.0000 7.9434 -94.0943 -6.3864 0.0010 -0.0131 0.3035 0.9527
993.0000 8.0143 -94.1743 -6.3893 0.0015 -0.0124 0.3044 0.9525
994.0000 8.0947 -94.2446 -6.4204 0.0017 -0.0125 0.3050 0.9523
995.0000 8.1409 -94.3369 -6.3553 0.0008 -0.0134 0.3053 0.9522
996.0000 8.1812 -94.4094 -6.3987 0.0009 -0.0137 0.3060 0.9519
997.0000 8.2896 -94.5631 -6.3663 0.0005 -0.0136 0.3056 0.9521
998.0000 8.3608 -94.6460 -6.4202 -0.0006 -0.0125 0.3061 0.9519
999.0000 8.3902 -94.7040 -6.4119 -0.0023 -0.0141 0.3066 0.9517
1000.0000 8.4515 -94.7967 -6.3952 -0.0015 -0.0122 0.3066 0.9518
1001.0000 8.5031 -94.8645 -6.3649 -0.0007 -0.0117 0.3072 0.9516
1002.0000 8.5984 -94.9486 -6.3796 -0.0008 -0.0114 0.3078 0.9514
1003.0000 8.6517 -95.0298 -6.3997 0.0004 -0.0105 0.3085 0.9512
1004.0000 8.7693 -95.1848 -6.3683 0.0021 -0.0106 0.3094 0.9509
1005.0000 8.8053 -95.2417 -6.3603 0.0017 -0.0119 0.3098 0.9507
1006.0000 8.8454 -95.3325 -6.3686 0.0029 -0.0113 0.3092 0.9509
1007.0000 8.8911 -95.4064 -6.3570 0.0004 -0.0106 0.3093 0.9509
1008.0000 8.9802 -95.4805 -6.3401 -0.0031 -0.0123 0.3102 0.9506
1009.0000 9.0129 -95.5401 -6.3327 -0.0023 -0.0106 0.3100 0.9507
1010.0000 9.0844 -95.6303 -6.3929 -0.0035 -0.0101 0.3102 0.9506
1011.0000 9.2026 -95.7774 -6.4006 -0.0043 -0.0098 0.3116 0.9502
1012.0000 9.2364 -95.8525 -6.4070 -0.0014 -0.0095 0.3119 0.9501
1013.0000 9.3159 -95.9395 -6.4308 -0.0017 -0.0101 0.3125 0.9499
1014.0000 9.3557 -95.9963 -6.4077 -0.0019 -0.0109 0.3120 0.9500
1015.0000 9.4156 -96.0626 -6.4023 -0.0005 -0.0115 0.3113 0.9502
1016.0000 9.4974 -96.1265 -6.2965 -0.0006 -0.0114 0.3112 0.9503
1017.0000 9.5266 -96.2141 -6.4106 -0.0011 -0.0107 0.3106 0.9505
1018.0000 9.5347 -96.2805 -6.4028 -0.0014 -0.0104 0.3102 0.9506
1019.0000 9.6832 -96.4408 -6.3774 -0.0021 -0.0098 0.3090 0.9510
1020.0000 9.7574 -96.5204 -6.3825 -0.0026 -0.0092 0.3086 0.9511
1021.0000 9.8279 -96.6188 -6.3865 -0.0007 -0.0099 0.3081 0.9513
1022.0000 9.8550 -96.6754 -6.4003 -0.0003 -0.0103 0.3080 0.9513
1023.0000 9.8855 -96.7548 -6.3923 -0.0007 -0.0109 0.3075 0.9515
1024.0000 9.9844 -96.8246 -6.4002 -0.0006 -0.0116 0.3067 0.9517
1025.0000 10.0860 -96.9782 -6.3828 -0.0011 -0.0104 0.3045 0.9524
1026.0000 10.1520 -97.0529 -6.3778 -0.0015 -0.0107 0.3039 0.9526
1027.0000 10.2104 -97.1307 -6.4446 -0.0009 -0.0084 0.3031 0.9529
1028.0000 10.2586 -97.1980 -6.3971 -0.0005 -0.0085 0.3024 0.9531
1029.0000 10.3088 -97.2687 -6.4042 0.0003 -0.0078 0.3022 0.9532
1030.0000 10.3856 -97.3635 -6.4063 0.0009 -0.0076 0.3019 0.9533
1031.0000 10.4349 -97.4478 -6.3815 0.0014 -0.0077 0.3013 0.9535
1032.0000 10.5312 -97.5767 -6.4001 0.0006 -0.0098 0.3003 0.9538
1033.0000 10.5764 -97.6477 -6.3801 0.0011 -0.0101 0.2993 0.9541
1034.0000 10.6617 -97.7419 -6.4051 -0.0000 -0.0089 0.2981 0.9545
1035.0000 10.6852 -97.8198 -6.4016 -0.0017 -0.0098 0.2977 0.9546
1036.0000 10.7520 -97.8910 -6.3622 -0.0003 -0.0092 0.2968 0.9549
1037.0000 10.8065 -97.9730 -6.4025 -0.0011 -0.0090 0.2971 0.9548
1038.0000 10.8565 -98.0399 -6.4255 -0.0010 -0.0089 0.2966 0.9550
1039.0000 10.9197 -98.1524 -6.4033 -0.0015 -0.0084 0.2969 0.9549
1040.0000 11.0438 -98.2872 -6.3677 -0.0009 -0.0105 0.2980 0.9545
1041.0000 11.0963 -98.3508 -6.3718 -0.0012 -0.0116 0.2982 0.9544
1042.0000 11.1377 -98.4238 -6.3841 -0.0005 -0.0125 0.2981 0.9545
1043.0000 11.1969 -98.5023 -6.3553 -0.0003 -0.0111 0.2978 0.9545
1044.0000 11.2493 -98.6246 -6.4443 -0.0001 -0.0104 0.2987 0.9543
1045.0000 11.2945 -98.6716 -6.4466 -0.0011 -0.0110 0.3000 0.9539
1046.0000 11.3376 -98.7615 -6.4461 -0.0008 -0.0101 0.3008 0.9536
1047.0000 11.4712 -98.9032 -6.4032 -0.0004 -0.0105 0.3028 0.9530
1048.0000 11.5306 -98.9828 -6.4172 -0.0005 -0.0100 0.3040 0.9526
1049.0000 11.5883 -99.0620 -6.3659 -0.0006 -0.0107 0.3055 0.9521
1050.0000 11.6429 -99.1297 -6.4305 -0.0003 -0.0113 0.3067 0.9517
1051.0000 11.6763 -99.2079 -6.4184 -0.0000 -0.0127 0.3077 0.9514
1052.0000 11.7322 -99.2753 -6.3889 0.0012 -0.0131 0.3084 0.9512
1053.0000 11.7870 -99.3798 -6.4332 0.0007 -0.0109 0.3093 0.9509
1054.0000 11.8525 -99.4211 -6.3349 0.0004 -0.0114 0.3109 0.9504
1055.0000 11.9697 -99.5936 -6.4383 0.0032 -0.0101 0.3127 0.9498
1056.0000 12.0295 -99.6828 -6.4296 0.0030 -0.0102 0.3141 0.9493
1057.0000 12.1018 -99.7381 -6.4155 0.0043 -0.0101 0.3151 0.9490
1058.0000 12.1298 -99.8109 -6.4805 0.0043 -0.0098 0.3157 0.9488
1059.0000 12.1909 -99.8873 -6.4040 0.0019 -0.0119 0.3162 0.9486
1060.0000 12.2426 -99.9637 -6.4312 0.0009 -0.0135 0.3168 0.9484
1061.0000 12.2977 -100.0330 -6.4208 0.0010 -0.0140 0.3173 0.9482
1062.0000 12.4023 -100.1835 -6.4886 0.0003 -0.0139 0.3178 0.9480
1063.0000 12.4468 -100.2780 -6.4978 0.0008 -0.0126 0.3179 0.9480
1064.0000 12.5289 -100.3335 -6.4145 0.0005 -0.0126 0.3181 0.9480
1065.0000 12.5767 -100.4134 -6.4826 0.0004 -0.0126 0.3185 0.9479
1066.0000 12.6547 -100.4896 -6.4268 0.0008 -0.0123 0.3188 0.9478
1067.0000 12.7091 -100.5579 -6.3904 0.0012 -0.0128 0.3193 0.9476
1068.0000 12.7572 -100.6427 -6.4529 0.0012 -0.0142 0.3199 0.9473
1069.0000 12.8109 -100.7149 -6.4902 0.0019 -0.0141 0.3199 0.9473
1070.0000 12.8938 -100.8579 -6.4406 0.0022 -0.0159 0.3199 0.9473
1071.0000 12.9770 -100.9324 -6.3999 0.0009 -0.0148 0.3202 0.9473
1072.0000 13.0337 -100.9843 -6.3796 -0.0001 -0.0157 0.3206 0.9471
1073.0000 13.0644 -101.0696 -6.4840 0.0007 -0.0144 0.3208 0.9470
1074.0000 13.1616 -101.1512 -6.4073 0.0008 -0.0133 0.3214 0.9468
1075.0000 13.2153 -101.1959 -6.3279 0.0014 -0.0136 0.3220 0.9466
1076.0000 13.2568 -101.2837 -6.5585 0.0025 -0.0116 0.3225 0.9465
1077.0000 13.3392 -101.3872 -6.3714 0.0018 -0.0130 0.3226 0.9465
1078.0000 13.4423 -101.5197 -6.4569 0.0015 -0.0145 0.3226 0.9464
1079.0000 13.5020 -101.5849 -6.3957 0.0021 -0.0146 0.3223 0.9465
1080.0000 13.5730 -101.6541 -6.4275 0.0012 -0.0130 0.3221 0.9466
1081.0000 13.6316 -101.7483 -6.4594 0.0009 -0.0130 0.3226 0.9465
1082.0000 13.7010 -101.7943 -6.4048 0.0024 -0.0127 0.3225 0.9465
1083.0000 13.7554 -101.8992 -6.4756 0.0020 -0.0124 0.3229 0.9464
1084.0000 13.8080 -101.9620 -6.4557 0.0009 -0.0123 0.3234 0.9462
1085.0000 13.8745 -102.0530 -6.4373 0.0009 -0.0119 0.3238 0.9461
1086.0000 13.9849 -102.2157 -6.4810 0.0000 -0.0134 0.3244 0.9458
1087.0000 14.0422 -102.2625 -6.4329 -0.0014 -0.0151 0.3249 0.9456
1088.0000 14.0860 -102.3417 -6.4912 0.0006 -0.0145 0.3248 0.9457
1089.0000 14.1684 -102.4060 -6.3466 -0.0001 -0.0138 0.3248 0.9457
1090.0000 14.2155 -102.4828 -6.4848 -0.0014 -0.0139 0.3251 0.9456
1091.0000 14.2741 -102.5752 -6.4851 -0.0010 -0.0128 0.3254 0.9455
1092.0000 14.3763 -102.7164 -6.4728 0.0005 -0.0110 0.3258 0.9454
1093.0000 14.4415 -102.7976 -6.4486 0.0006 -0.0106 0.3268 0.9450
1094.0000 14.5381 -102.8755 -6.4573 0.0016 -0.0105 0.3274 0.9448
1095.0000 14.5905 -102.9476 -6.4529 0.0018 -0.0105 0.3275 0.9448
1096.0000 14.6427 -103.0071 -6.4210 0.0016 -0.0123 0.3281 0.9446
1097.0000 14.7090 -103.0724 -6.4278 0.0017 -0.0132 0.3282 0.9445
1098.0000 14.7342 -103.1650 -6.4325 0.0023 -0.0121 0.3278 0.9447
1099.0000 14.8149 -103.2241 -6.4857 0.0011 -0.0109 0.3280 0.9446
1100.0000 14.9327 -103.3776 -6.4858 -0.0000 -0.0103 0.3285 0.9445
1101.0000 15.0068 -103.4481 -6.4376 -0.0009 -0.0120 0.3287 0.9444
1102.0000 15.0598 -103.5037 -6.4414 -0.0008 -0.0109 0.3293 0.9442
1103.0000 15.1259 -103.6177 -6.4953 -0.0005 -0.0103 0.3302 0.9439
1104.0000 15.1747 -103.6585 -6.4106 0.0003 -0.0114 0.3307 0.9437
1105.0000 15.2278 -103.7314 -6.4957 -0.0009 -0.0114 0.3309 0.9436
1106.0000 15.2875 -103.8202 -6.4558 -0.0008 -0.0130 0.3313 0.9434
1107.0000 15.4258 -103.9343 -6.4735 0.0003 -0.0109 0.3309 0.9436
1108.0000 15.4855 -104.0206 -6.3800 -0.0014 -0.0122 0.3313 0.9434
1109.0000 15.5294 -104.0975 -6.4368 0.0000 -0.0103 0.3313 0.9435
1110.0000 15.6213 -104.1750 -6.4817 0.0006 -0.0100 0.3320 0.9432
1111.0000 15.6728 -104.2683 -6.4260 0.0007 -0.0097 0.3321 0.9432
1112.0000 15.7257 -104.3233 -6.4319 0.0004 -0.0095 0.3326 0.9430
1113.0000 15.7600 -104.3949 -6.4959 0.0015 -0.0089 0.3331 0.9428
1114.0000 15.8329 -104.4834 -6.4663 0.0011 -0.0098 0.3333 0.9428
1115.0000 15.9465 -104.6160 -6.4958 0.0017 -0.0116 0.3333 0.9427
1116.0000 16.0204 -104.6838 -6.3981 0.0016 -0.0106 0.3330 0.9429
1117.0000 16.0768 -104.7605 -6.4903 0.0006 -0.0110 0.3331 0.9428
1118.0000 16.1413 -104.8345 -6.4591 0.0008 -0.0103 0.3332 0.9428
1119.0000 16.2160 -104.9121 -6.4452 0.0009 -0.0096 0.3333 0.9428
1120.0000 16.2630 -104.9910 -6.4566 0.0005 -0.0094 0.3338 0.9426
1121.0000 16.3154 -105.0500 -6.4443 0.0007 -0.0086 0.3342 0.9425
1122.0000 16.4512 -105.2112 -6.5036 0.0012 -0.0091 0.3349 0.9422
1123.0000 16.5158 -105.2714 -6.4173 0.0010 -0.0102 0.3354 0.9420
1124.0000 16.5876 -105.3392 -6.4670 0.0007 -0.0104 0.3354 0.9420
1125.0000 16.6246 -105.4373 -6.5077 0.0008 -0.0091 0.3352 0.9421
1126.0000 16.7002 -105.4833 -6.4351 -0.0004 -0.0091 0.3355 0.9420
1127.0000 16.7429 -105.5504 -6.4950 -0.0014 -0.0092 0.3356 0.9420
1128.0000 16.8096 -105.6214 -6.5149 -0.0012 -0.0072 0.3355 0.9420
1129.0000 16.8898 -105.5307 -6.4493 0.0022 -0.0068 0.3269 0.9450
1130.0000 16.9722 -105.7052 -6.5562 -0.0003 -0.0061 0.3104 0.9506
1131.0000 17.0316 -105.7710 -6.5083 0.0005 -0.0065 0.3009 0.9536
1132.0000 17.0813 -105.8269 -6.4686 0.0008 -0.0070 0.2925 0.9562
1133.0000 17.1167 -105.8798 -6.4751 0.0007 -0.0074 0.2835 0.9589
1134.0000 17.1620 -105.9305 -6.5128 0.0006 -0.0083 0.2745 0.9616
1135.0000 17.1770 -106.0285 -6.5495 0.0007 -0.0077 0.2655 0.9641
1136.0000 17.2336 -106.1422 -6.5424 -0.0024 -0.0085 0.2630 0.9647
1137.0000 17.3246 -106.3656 -6.4279 -0.0001 -0.0073 0.2567 0.9665
1138.0000 17.3734 -106.4072 -6.5057 0.0001 -0.0070 0.2569 0.9664
1139.0000 17.4158 -106.4976 -6.5546 0.0006 -0.0062 0.2573 0.9663
1140.0000 17.4972 -106.5683 -6.4510 0.0002 -0.0071 0.2572 0.9663
1141.0000 17.5293 -106.6774 -6.4847 0.0003 -0.0067 0.2568 0.9665
1142.0000 17.5618 -106.7540 -6.4833 0.0002 -0.0066 0.2574 0.9663
1143.0000 17.6114 -106.8464 -6.4632 0.0003 -0.0089 0.2580 0.9661
1144.0000 17.6859 -107.0343 -6.4691 0.0011 -0.0089 0.2610 0.9653
1145.0000 17.7280 -107.1186 -6.4070 0.0014 -0.0104 0.2635 0.9646
1146.0000 17.7887 -107.2660 -6.5136 0.0020 -0.0087 0.2696 0.9629
1147.0000 17.8338 -107.3262 -6.5475 0.0011 -0.0078 0.2769 0.9609
1148.0000 17.8769 -107.3725 -6.4480 0.0013 -0.0081 0.2835 0.9589
1149.0000 17.9104 -107.4679 -6.4963 0.0018 -0.0076 0.2904 0.9569
1150.0000 17.9429 -107.5360 -6.5175 0.0014 -0.0075 0.2974 0.9547
1151.0000 18.0598 -107.6851 -6.4870 0.0008 -0.0078 0.3164 0.9486
1152.0000 18.1211 -107.7587 -6.4921 0.0014 -0.0082 0.3273 0.9449
1153.0000 18.1458 -107.8062 -6.5288 0.0007 -0.0087 0.3375 0.9413
1154.0000 18.1928 -107.8526 -6.5375 0.0002 -0.0093 0.3473 0.9377
1155.0000 18.2378 -107.9037 -6.4881 0.0013 -0.0112 0.3566 0.9342
1156.0000 18.2916 -107.9355 -6.4307 0.0009 -0.0104 0.3663 0.9304
1157.0000 18.3583 -108.0228 -6.4472 0.0005 -0.0093 0.3755 0.9268
1158.0000 18.3766 -108.0429 -6.5749 0.0002 -0.0090 0.3859 0.9225
1159.0000 18.4285 -108.0845 -6.5540 0.0003 -0.0089 0.3949 0.9187
1160.0000 18.5518 -108.1118 -6.4981 -0.0003 -0.0083 0.3957 0.9183
1161.0000 18.6062 -108.1818 -6.4959 0.0008 -0.0081 0.3958 0.9183
1162.0000 18.6624 -108.2492 -6.5518 0.0012 -0.0081 0.3964 0.9181
1163.0000 18.7609 -108.3151 -6.5334 0.0008 -0.0092 0.3972 0.9177
1164.0000 18.8257 -108.3188 -6.5098 -0.0008 -0.0107 0.3973 0.9176
1165.0000 18.8839 -108.2835 -6.4664 -0.0000 -0.0115 0.3926 0.9197
1166.0000 18.9726 -108.3345 -6.4509 -0.0013 -0.0122 0.3839 0.9233
1167.0000 19.0779 -108.4275 -6.5222 -0.0043 -0.0109 0.3635 0.9315
1168.0000 19.1525 -108.4777 -6.4096 -0.0060 -0.0125 0.3536 0.9353
1169.0000 19.1662 -108.6347 -6.5216 -0.0052 -0.0112 0.3466 0.9379
1170.0000 19.2351 -108.6936 -6.5395 -0.0073 -0.0113 0.3457 0.9383
1171.0000 19.3157 -108.7526 -6.4941 -0.0037 -0.0101 0.3412 0.9399
1172.0000 19.3817 -108.8147 -6.4567 -0.0035 -0.0100 0.3368 0.9415
1173.0000 19.4560 -108.8992 -6.5740 -0.0022 -0.0086 0.3335 0.9427
1174.0000 19.4910 -108.9606 -6.4981 -0.0009 -0.0095 0.3295 0.9441
1175.0000 19.5904 -109.1138 -6.5021 0.0008 -0.0097 0.3220 0.9467
1176.0000 19.6730 -109.1419 -6.4196 0.0014 -0.0104 0.3171 0.9483
1177.0000 19.7190 -109.2494 -6.4994 0.0003 -0.0093 0.3135 0.9495
1178.0000 19.7652 -109.3128 -6.5840 -0.0007 -0.0090 0.3095 0.9508
1179.0000 19.8059 -109.4023 -6.5267 -0.0000 -0.0080 0.3056 0.9521
1180.0000 19.8698 -109.4308 -6.5063 -0.0002 -0.0078 0.3015 0.9534
1181.0000 19.9305 -109.5223 -6.5176 -0.0006 -0.0072 0.2976 0.9547
1182.0000 19.9834 -109.5750 -6.4768 -0.0003 -0.0070 0.2939 0.9558
1183.0000 20.0137 -109.6490 -6.5116 -0.0013 -0.0069 0.2903 0.9569
1184.0000 20.0788 -109.8648 -6.5484 -0.0013 -0.0091 0.2836 0.9589
1185.0000 20.1582 -109.9177 -6.4906 -0.0016 -0.0093 0.2824 0.9593
1186.0000 20.1936 -109.9953 -6.5168 -0.0005 -0.0082 0.2824 0.9593
1187.0000 20.2518 -110.1010 -6.5647 -0.0001 -0.0083 0.2821 0.9594
1188.0000 20.3006 -110.1518 -6.4437 -0.0002 -0.0076 0.2812 0.9596
1189.0000 20.3730 -110.2306 -6.5101 -0.0005 -0.0081 0.2817 0.9595
1190.0000 20.4051 -110.3536 -6.5661 0.0001 -0.0069 0.2811 0.9596
1191.0000 20.4636 -110.4174 -6.4968 -0.0001 -0.0071 0.2816 0.9595
1192.0000 20.4989 -110.4717 -6.5348 0.0004 -0.0063 0.2821 0.9594
1193.0000 20.5940 -110.6785 -6.5481 0.0006 -0.0068 0.2848 0.9586
1194.0000 20.6279 -110.7473 -6.5542 0.0001 -0.0084 0.2877 0.9577
1195.0000 20.6822 -110.8490 -6.5485 -0.0008 -0.0085 0.2909 0.9567
1196.0000 20.7429 -110.9208 -6.5232 -0.0007 -0.0090 0.2944 0.9556
1197.0000 20.7705 -110.9719 -6.5133 -0.0024 -0.0098 0.2980 0.9545
1198.0000 20.8396 -111.0542 -6.5447 -0.0033 -0.0085 0.3015 0.9534
1199.0000 20.9085 -111.1080 -6.5289 -0.0034 -0.0078 0.3053 0.9522
1200.0000 20.9401 -111.1824 -6.5135 -0.0036 -0.0077 0.3074 0.9515
1201.0000 20.9890 -111.2687 -6.5940 -0.0031 -0.0073 0.3099 0.9507
1202.0000 21.1279 -111.3799 -6.4748 -0.0014 -0.0085 0.3157 0.9488
1203.0000 21.1752 -111.4701 -6.5789 -0.0022 -0.0087 0.3180 0.9481
1204.0000 21.2156 -111.5482 -6.5107 -0.0029 -0.0097 0.3204 0.9472
1205.0000 21.3074 -111.5679 -6.5527 -0.0015 -0.0092 0.3222 0.9466
1206.0000 21.3341 -111.6740 -6.5935 -0.0018 -0.0084 0.3223 0.9466
1207.0000 21.4098 -111.7548 -6.4471 -0.0033 -0.0094 0.3233 0.9463
1208.0000 21.4526 -111.7809 -6.5006 -0.0022 -0.0084 0.3239 0.9461
1209.0000 21.5301 -111.8806 -6.5375 -0.0011 -0.0081 0.3245 0.9458
1210.0000 21.5943 -111.9726 -6.5145 -0.0014 -0.0081 0.3248 0.9457
1211.0000 21.7096 -112.1199 -6.5433 -0.0012 -0.0078 0.3265 0.9452
1212.0000 21.7565 -112.2097 -6.5311 -0.0008 -0.0086 0.3267 0.9451
1213.0000 21.8262 -112.2736 -6.5366 -0.0011 -0.0108 0.3271 0.9449
1214.0000 21.8613 -112.3503 -6.5093 -0.0006 -0.0104 0.3272 0.9449
1215.0000 21.9240 -112.4285 -6.4975 -0.0004 -0.0103 0.3274 0.9448
1216.0000 21.9722 -112.5036 -6.4905 -0.0015 -0.0107 0.3275 0.9448
1217.0000 22.0508 -112.5407 -6.4265 -0.0018 -0.0098 0.3278 0.9447
1218.0000 22.1139 -112.6353 -6.5459 -0.0012 -0.0088 0.3280 0.9446
1219.0000 22.1671 -112.7269 -6.5507 -0.0019 -0.0086 0.3284 0.9445
1220.0000 22.3055 -112.8637 -6.5648 -0.0015 -0.0078 0.3295 0.9441
1221.0000 22.3624 -112.9161 -6.5375 -0.0013 -0.0087 0.3297 0.9441
1222.0000 22.4143 -112.9630 -6.5181 -0.0009 -0.0087 0.3274 0.9448
1223.0000 22.4695 -113.0234 -6.5760 -0.0010 -0.0086 0.3245 0.9458
1224.0000 22.5460 -113.0552 -6.5149 0.0001 -0.0079 0.3201 0.9473
1225.0000 22.6047 -113.1153 -6.5504 0.0001 -0.0081 0.3141 0.9494
1226.0000 22.6219 -113.2086 -6.5503 -0.0004 -0.0080 0.3079 0.9514
1227.0000 22.7526 -113.2840 -6.4436 -0.0005 -0.0070 0.2956 0.9553
1228.0000 22.7785 -113.4461 -6.5633 -0.0007 -0.0071 0.2903 0.9569
1229.0000 22.8327 -113.5308 -6.5552 -0.0023 -0.0065 0.2922 0.9563
1230.0000 22.8827 -113.6556 -6.6032 0.0010 -0.0050 0.2925 0.9563
1231.0000 22.9627 -113.6810 -6.4804 0.0013 -0.0058 0.2931 0.9561
1232.0000 22.9773 -113.8684 -6.5918 0.0026 -0.0071 0.2960 0.9552
1233.0000 23.0167 -113.8941 -6.5367 0.0004 -0.0092 0.3000 0.9539
1234.0000 23.1122 -113.9924 -6.5677 -0.0001 -0.0100 0.3007 0.9537
1235.0000 23.1602 -114.0677 -6.6503 -0.0019 -0.0087 0.3006 0.9537
1236.0000 23.2542 -114.1539 -6.4715 -0.0056 -0.0089 0.3010 0.9536
1237.0000 23.3002 -114.2010 -6.4283 -0.0034 -0.0084 0.3010 0.9536
1238.0000 23.3629 -114.3033 -6.5892 -0.0028 -0.0074 0.3012 0.9535
1239.0000 23.3983 -114.3627 -6.5280 -0.0025 -0.0076 0.3016 0.9534
1240.0000 23.4413 -114.4467 -6.5609 -0.0025 -0.0076 0.3023 0.9532
1241.0000 23.4982 -114.5137 -6.5931 -0.0028 -0.0080 0.3024 0.9531
1242.0000 23.6112 -114.6799 -6.5686 -0.0035 -0.0096 0.3031 0.9529
1243.0000 23.6547 -114.7597 -6.6010 -0.0034 -0.0093 0.3036 0.9528
1244.0000 23.7248 -114.7928 -6.4313 -0.0046 -0.0111 0.3032 0.9528
1245.0000 23.7984 -114.8892 -6.5122 -0.0054 -0.0100 0.3033 0.9528
1246.0000 23.8470 -114.9815 -6.6665 -0.0027 -0.0086 0.3039 0.9527
1247.0000 23.8833 -115.0658 -6.5222 -0.0028 -0.0086 0.3041 0.9526
1248.0000 23.9366 -115.1221 -6.5509 -0.0030 -0.0093 0.3045 0.9525
1249.0000 24.0635 -115.2737 -6.4781 -0.0020 -0.0089 0.3056 0.9521
1250.0000 24.1134 -115.3427 -6.5213 -0.0011 -0.0103 0.3058 0.9520
1251.0000 24.1592 -115.4328 -6.5653 -0.0014 -0.0110 0.3060 0.9520
1252.0000 24.2124 -115.5129 -6.4925 -0.0009 -0.0111 0.3062 0.9519
1253.0000 24.2516 -115.5945 -6.5762 -0.0011 -0.0118 0.3065 0.9518
1254.0000 24.3185 -115.6779 -6.5743 -0.0026 -0.0110 0.3063 0.9519
1255.0000 24.3982 -115.7487 -6.4129 -0.0036 -0.0107 0.3068 0.9517
1256.0000 24.4495 -115.8268 -6.5193 -0.0042 -0.0103 0.3069 0.9517
1257.0000 24.4895 -115.8817 -6.5965 -0.0027 -0.0098 0.3072 0.9516
1258.0000 24.6038 -116.0595 -6.6501 -0.0022 -0.0097 0.3085 0.9512
1259.0000 24.6582 -116.1298 -6.5432 -0.0015 -0.0101 0.3084 0.9512
1260.0000 24.7148 -116.1940 -6.5639 -0.0017 -0.0117 0.3089 0.9510
1261.0000 24.7671 -116.2936 -6.6753 -0.0007 -0.0106 0.3090 0.9510
1262.0000 24.8497 -116.3450 -6.5580 -0.0009 -0.0114 0.3092 0.9509
1263.0000 24.8855 -116.4244 -6.5351 -0.0018 -0.0118 0.3088 0.9511
1264.0000 24.9422 -116.5157 -6.6132 -0.0014 -0.0097 0.3090 0.9510
1265.0000 25.0202 -116.5628 -6.4654 -0.0016 -0.0101 0.3091 0.9510
1266.0000 25.1353 -116.7482 -6.5479 -0.0015 -0.0100 0.3101 0.9507
1267.0000 25.1949 -116.8190 -6.5368 -0.0015 -0.0102 0.3105 0.9505
1268.0000 25.2165 -116.9011 -6.6213 -0.0011 -0.0101 0.3110 0.9504
1269.0000 25.2946 -116.9655 -6.5410 -0.0015 -0.0110 0.3112 0.9503
1270.0000 25.3486 -117.0458 -6.5494 -0.0007 -0.0112 0.3112 0.9503
1271.0000 25.3974 -117.1377 -6.5887 -0.0008 -0.0107 0.3116 0.9501
1272.0000 25.4520 -117.1821 -6.4611 -0.0021 -0.0115 0.3113 0.9502
1273.0000 25.5134 -117.2606 -6.5611 -0.0026 -0.0102 0.3116 0.9502
1274.0000 25.6401 -117.4032 -6.4985 -0.0037 -0.0100 0.3121 0.9500
1275.0000 25.6848 -117.5069 -6.6018 -0.0031 -0.0097 0.3125 0.9499
1276.0000 25.7559 -117.5854 -6.5446 -0.0032 -0.0085 0.3128 0.9498
1277.0000 25.8082 -117.6355 -6.5376 -0.0033 -0.0089 0.3136 0.9495
1278.0000 25.8652 -117.7207 -6.6037 -0.0029 -0.0100 0.3139 0.9494
1279.0000 25.9122 -117.8061 -6.4764 -0.0021 -0.0101 0.3142 0.9493
1280.0000 25.9801 -117.8758 -6.4953 -0.0015 -0.0107 0.3142 0.9493
1281.0000 26.0254 -117.9537 -6.5993 -0.0023 -0.0110 0.3140 0.9494
1282.0000 26.1454 -118.0818 -6.5404 -0.0038 -0.0094 0.3145 0.9492
1283.0000 26.1915 -118.1947 -6.6198 -0.0035 -0.0084 0.3146 0.9492
1284.0000 26.2552 -118.2408 -6.5107 -0.0032 -0.0090 0.3150 0.9490
1285.0000 26.3052 -118.3522 -6.6037 -0.0025 -0.0083 0.3155 0.9489
1286.0000 26.3794 -118.4228 -6.5644 -0.0029 -0.0084 0.3160 0.9487
1287.0000 26.4395 -118.4936 -6.5468 -0.0022 -0.0093 0.3164 0.9486
1288.0000 26.5371 -118.6475 -6.5332 -0.0027 -0.0100 0.3165 0.9485
1289.0000 26.6017 -118.7112 -6.5888 -0.0038 -0.0112 0.3168 0.9484
1290.0000 26.6481 -118.8054 -6.5785 -0.0048 -0.0104 0.3166 0.9485
1291.0000 26.7367 -118.8567 -6.5494 -0.0048 -0.0099 0.3168 0.9484
1292.0000 26.7611 -118.9437 -6.5430 -0.0048 -0.0095 0.3171 0.9483
1293.0000 26.8380 -119.0178 -6.5788 -0.0035 -0.0092 0.3173 0.9483
1294.0000 26.8885 -119.0849 -6.5177 -0.0035 -0.0089 0.3180 0.9480
1295.0000 26.9312 -119.1836 -6.6148 -0.0040 -0.0091 0.3188 0.9478
1296.0000 27.0673 -119.3213 -6.6092 -0.0042 -0.0112 0.3193 0.9476
1297.0000 27.1155 -119.3896 -6.6142 -0.0044 -0.0110 0.3194 0.9476
1298.0000 27.1659 -119.4735 -6.5889 -0.0045 -0.0109 0.3195 0.9475
1299.0000 27.2449 -119.5190 -6.5177 -0.0058 -0.0109 0.3194 0.9475
1300.0000 27.2983 -119.6254 -6.6315 -0.0050 -0.0093 0.3195 0.9475
1301.0000 27.3487 -119.6844 -6.5278 -0.0047 -0.0097 0.3195 0.9475
1302.0000 27.4175 -119.7586 -6.5353 -0.0048 -0.0098 0.3200 0.9474
1303.0000 27.5313 -119.9203 -6.4866 -0.0051 -0.0093 0.3208 0.9471
1304.0000 27.5796 -119.9959 -6.6021 -0.0045 -0.0095 0.3213 0.9469
1305.0000 27.6422 -120.0693 -6.6012 -0.0053 -0.0106 0.3215 0.9468
1306.0000 27.7019 -120.1204 -6.4895 -0.0047 -0.0114 0.3217 0.9468
1307.0000 27.7631 -120.2126 -6.5803 -0.0039 -0.0108 0.3217 0.9468
1308.0000 27.8139 -120.2738 -6.5303 -0.0052 -0.0115 0.3215 0.9468
1309.0000 27.8713 -120.3383 -6.4221 -0.0065 -0.0106 0.3215 0.9468
1310.0000 27.9845 -120.5223 -6.6076 -0.0066 -0.0087 0.3222 0.9466
1311.0000 28.0665 -120.5808 -6.4626 -0.0076 -0.0098 0.3227 0.9464
1312.0000 28.0760 -120.6876 -6.7139 -0.0072 -0.0096 0.3233 0.9462
1313.0000 28.1577 -120.7420 -6.5762 -0.0076 -0.0082 0.3238 0.9461
1314.0000 28.2273 -120.8130 -6.4001 -0.0073 -0.0101 0.3241 0.9459
1315.0000 28.2731 -120.8998 -6.6539 -0.0064 -0.0105 0.3241 0.9459
1316.0000 28.3470 -120.9743 -6.5177 -0.0051 -0.0087 0.3241 0.9460
1317.0000 28.4413 -121.1356 -6.7567 -0.0043 -0.0099 0.3245 0.9458
1318.0000 28.5232 -121.1752 -6.5769 -0.0045 -0.0069 0.3243 0.9459
1319.0000 28.5762 -121.2565 -6.5429 -0.0040 -0.0086 0.3245 0.9458
1320.0000 28.6412 -121.3402 -6.5933 -0.0036 -0.0073 0.3248 0.9458
1321.0000 28.7161 -121.3933 -6.4860 -0.0032 -0.0079 0.3253 0.9456
1322.0000 28.7730 -121.4907 -6.5893 -0.0024 -0.0073 0.3258 0.9454
1323.0000 28.8142 -121.5788 -6.6451 0.0003 -0.0081 0.3260 0.9453
1324.0000 28.9233 -121.7091 -6.5817 0.0020 -0.0100 0.3265 0.9451
1325.0000 28.9882 -121.8040 -6.5696 0.0028 -0.0100 0.3269 0.9450
1326.0000 29.0494 -121.8358 -6.5553 0.0023 -0.0106 0.3266 0.9451
1327.0000 29.1067 -121.9461 -6.6335 -0.0009 -0.0108 0.3268 0.9450
1328.0000 29.1692 -122.0036 -6.4967 -0.0012 -0.0109 0.3268 0.9450
1329.0000 29.2153 -122.0759 -6.5820 -0.0016 -0.0114 0.3271 0.9449
1330.0000 29.2634 -122.1563 -6.5797 -0.0025 -0.0112 0.3275 0.9448
1331.0000 29.3903 -122.2984 -6.6462 -0.0028 -0.0115 0.3288 0.9443
1332.0000 29.4395 -122.3909 -6.5695 -0.0016 -0.0118 0.3290 0.9443
1333.0000 29.5132 -122.4463 -6.5089 -0.0006 -0.0127 0.3293 0.9441
1334.0000 29.5854 -122.5331 -6.6178 0.0007 -0.0117 0.3292 0.9442
1335.0000 29.6435 -122.5985 -6.4562 0.0000 -0.0116 0.3293 0.9441
1336.0000 29.7030 -122.6488 -6.4907 0.0002 -0.0117 0.3294 0.9441
1337.0000 29.7523 -122.7545 -6.6976 0.0003 -0.0113 0.3296 0.9440
1338.0000 29.8607 -122.9071 -6.5917 0.0011 -0.0117 0.3301 0.9439
1339.0000 29.9329 -122.9709 -6.6020 0.0006 -0.0100 0.3306 0.9437
1340.0000 29.9996 -123.0453 -6.5632 0.0004 -0.0109 0.3310 0.9436
1341.0000 30.0439 -123.1196 -6.5918 -0.0005 -0.0128 0.3313 0.9434
1342.0000 30.1062 -123.2006 -6.5642 -0.0006 -0.0136 0.3314 0.9434
1343.0000 30.1546 -123.2802 -6.5572 -0.0005 -0.0140 0.3316 0.9433
1344.0000 30.2108 -123.3478 -6.6012 -0.0012 -0.0140 0.3312 0.9435
1345.0000 30.2737 -123.4224 -6.5524 -0.0027 -0.0133 0.3313 0.9434
1346.0000 30.3890 -123.5496 -6.5918 -0.0028 -0.0116 0.3320 0.9432
1347.0000 30.4511 -123.6389 -6.5839 -0.0024 -0.0119 0.3324 0.9431
1348.0000 30.5172 -123.7063 -6.5564 -0.0023 -0.0116 0.3326 0.9430
1349.0000 30.5831 -123.7923 -6.6230 -0.0034 -0.0111 0.3334 0.9427
1350.0000 30.6364 -123.8571 -6.5985 -0.0022 -0.0118 0.3337 0.9426
1351.0000 30.6875 -123.9183 -6.6112 -0.0015 -0.0130 0.3338 0.9425
1352.0000 30.7396 -124.0091 -6.6347 -0.0013 -0.0127 0.3340 0.9425
1353.0000 30.8731 -124.1294 -6.5577 -0.0018 -0.0134 0.3339 0.9425
1354.0000 30.9279 -124.2017 -6.6028 -0.0028 -0.0119 0.3339 0.9425
1355.0000 31.0040 -124.2651 -6.5582 -0.0026 -0.0125 0.3341 0.9425
1356.0000 31.0690 -124.3529 -6.5935 -0.0030 -0.0123 0.3347 0.9422
1357.0000 31.1096 -124.4336 -6.5831 -0.0030 -0.0126 0.3350 0.9421
1358.0000 31.1656 -124.5164 -6.5914 -0.0035 -0.0123 0.3356 0.9419
1359.0000 31.2219 -124.5643 -6.6053 -0.0029 -0.0125 0.3361 0.9418
1360.0000 31.2853 -124.6542 -6.5782 -0.0032 -0.0135 0.3365 0.9416
1361.0000 31.4253 -124.8060 -6.5991 -0.0010 -0.0139 0.3369 0.9414
1362.0000 31.4660 -124.8714 -6.5158 -0.0012 -0.0147 0.3368 0.9414
1363.0000 31.5399 -124.9576 -6.5241 -0.0016 -0.0139 0.3370 0.9414
1364.0000 31.5940 -125.0210 -6.5330 -0.0002 -0.0138 0.3373 0.9413
1365.0000 31.6588 -125.1061 -6.5703 0.0002 -0.0126 0.3379 0.9411
1366.0000 31.7223 -125.1648 -6.5571 0.0002 -0.0135 0.3382 0.9410
1367.0000 31.7675 -125.2550 -6.5811 -0.0001 -0.0134 0.3389 0.9407
1368.0000 31.9004 -125.3818 -6.5458 -0.0009 -0.0151 0.3400 0.9403
1369.0000 31.9356 -125.4619 -6.5429 -0.0015 -0.0157 0.3403 0.9402
1370.0000 32.0174 -125.5035 -6.5662 -0.0001 -0.0155 0.3397 0.9404
1371.0000 32.0364 -125.5187 -6.6224 0.0013 -0.0166 0.3359 0.9417
1372.0000 32.0952 -125.6287 -6.6116 -0.0003 -0.0154 0.3303 0.9438
1373.0000 32.1920 -125.6474 -6.5588 0.0001 -0.0140 0.3252 0.9455
1374.0000 32.2495 -125.7173 -6.5798 0.0000 -0.0138 0.3200 0.9473
1375.0000 32.3771 -125.8835 -6.5322 -0.0006 -0.0145 0.3152 0.9489
1376.0000 32.4005 -125.9751 -6.5804 0.0011 -0.0140 0.3142 0.9492
1377.0000 32.4357 -126.0939 -6.5916 0.0012 -0.0134 0.3132 0.9496
1378.0000 32.5014 -126.1302 -6.5825 0.0017 -0.0150 0.3121 0.9499
1379.0000 32.5507 -126.1995 -6.6484 0.0022 -0.0156 0.3112 0.9502
1380.0000 32.6244 -126.2899 -6.6332 0.0012 -0.0149 0.3098 0.9507
1381.0000 32.6758 -126.3439 -6.4624 0.0011 -0.0167 0.3085 0.9511
1382.0000 32.7117 -126.4333 -6.5646 0.0003 -0.0155 0.3069 0.9516
1383.0000 32.8394 -126.5892 -6.5151 0.0011 -0.0136 0.3046 0.9524
1384.0000 32.8848 -126.6613 -6.5689 0.0008 -0.0137 0.3037 0.9527
1385.0000 32.9468 -126.7489 -6.6125 0.0006 -0.0135 0.3026 0.9530
1386.0000 33.0046 -126.8010 -6.5557 0.0007 -0.0130 0.3016 0.9533
1387.0000 33.0730 -126.8764 -6.5630 0.0008 -0.0134 0.3012 0.9535
1388.0000 33.1310 -126.9220 -6.5526 0.0006 -0.0145 0.2999 0.9539
1389.0000 33.1828 -127.0327 -6.5402 0.0015 -0.0141 0.2987 0.9542
1390.0000 33.2131 -127.0994 -6.6020 0.0013 -0.0150 0.2977 0.9545
1391.0000 33.3266 -127.2540 -6.5914 0.0005 -0.0140 0.2945 0.9556
1392.0000 33.3994 -127.3310 -6.5807 -0.0004 -0.0133 0.2935 0.9559
1393.0000 33.4258 -127.4030 -6.6044 0.0003 -0.0129 0.2926 0.9562
1394.0000 33.4912 -127.4888 -6.5894 0.0006 -0.0131 0.2917 0.9564
1395.0000 33.5250 -127.5584 -6.5877 -0.0000 -0.0127 0.2907 0.9567
1396.0000 33.5697 -127.6644 -6.6195 -0.0002 -0.0126 0.2901 0.9569
1397.0000 33.6284 -127.7079 -6.6256 -0.0002 -0.0130 0.2899 0.9570
1398.0000 33.7497 -127.8712 -6.6105 -0.0006 -0.0133 0.2903 0.9568
1399.0000 33.7852 -127.9502 -6.5794 -0.0006 -0.0141 0.2896 0.9570
