0 0 0 1307.484000000 
7.77993e-07 4.08101e-11 0 1309.084000000 
1.50261e-06 7.89208e-11 0 1310.544000000 
2.17372e-06 1.14288e-10 0 1311.904000000 
2.89018e-06 1.52093e-10 0 1313.364000000 
3.58319e-06 1.8871e-10 0 1314.784000000 
4.30163e-06 2.26747e-10 0 1316.264000000 
4.99704e-06 2.6362e-10 0 1317.704000000 
5.70823e-06 3.01407e-10 0 1319.184000000 
6.40692e-06 3.38627e-10 0 1320.645000000 
7.09199e-06 3.75197e-10 0 1322.084000000 
0.50304 -0.197021 0 1323.584000000 
1.0108 -0.721741 0 1325.045000000 
1.50675 -1.27031 0 1326.524000000 
2.00372 -1.791 0 1327.964000000 
2.53229 -2.2799 0 1329.404000000 
3.09278 -2.76309 0 1330.884000000 
3.28874 -2.95306 0 1332.384000000 
3.2657 -3.66975 0 1333.864000000 
2.68844 -4.1344 0 1335.384000000 
2.01023 -4.34452 0 1336.804000000 
1.31713 -4.62913 0 1338.304000000 
0.790465 -5.09854 0 1339.864000000 
0.615692 -5.76259 0 1341.264000000 
0.722457 -6.47508 0 1342.705000000 
0.878763 -7.16957 0 1344.264000000 
1.13837 -7.84087 0 1345.704000000 
1.43916 -8.50613 0 1347.164000000 
1.76209 -9.16399 0 1348.764000000 
2.1505 -9.75799 0 1350.184000000 
2.56474 -10.3223 0 1351.584000000 
3.04795 -10.9729 0 1353.205000000 
3.4888 -11.5915 0 1354.724000000 
3.89766 -12.2083 0 1356.204000000 
4.35222 -12.9034 0 1357.865000000 
4.77394 -13.417 0 1359.344000000 
5.46565 -13.6659 0 1360.824000000 
6.26469 -13.6986 0 1362.424000000 
7.00463 -13.6993 0 1363.904000000 
7.74462 -13.6956 0 1365.384000000 
8.54461 -13.6916 0 1366.984000000 
9.18669 -13.68 0 1368.404000000 
9.91881 -13.5196 0 1369.904000000 
10.6059 -13.2933 0 1371.504000000 
10.9432 -12.6569 0 1372.964000000 
11.1516 -11.9782 0 1374.384000000 
11.4292 -11.2281 0 1375.984000000 
11.7441 -10.5581 0 1377.464000000 
12.1281 -9.94935 0 1378.904000000 
12.437 -9.3078 0 1380.484000000 
12.1077 -8.65068 0 1381.984000000 
11.6815 -8.07035 0 1383.424000000 
11.2485 -7.45505 0 1385.064000000 
10.8235 -6.89882 0 1386.464000000 
10.7443 -6.79513 0 1387.904000000 
11.2213 -6.59441 0 1389.544000000 
11.9254 -6.73561 0 1390.984000000 
12.6075 -6.93315 0 1392.404000000 
13.4021 -7.1727 0 1394.064000000 
14.115 -7.37013 0 1395.544000000 
14.8299 -7.43301 0 1396.984000000 
15.6375 -7.37029 0 1398.604000000 
16.3751 -7.31061 0 1400.084000000 
17.1147 -7.28871 0 1401.564000000 
17.8744 -7.30654 0 1403.084000000 
18.5167 -7.47984 0 1404.584000000 
18.8913 -8.11943 0 1406.084000000 
19.1257 -8.88449 0 1407.684000000 
19.2758 -9.64974 0 1409.244000000 
19.2843 -9.78798 0 1410.704000000 
19.604 -9.9317 0 1412.384000000 
20.2351 -9.94591 0 1413.784000000 
20.9906 -10.0327 0 1415.304000000 
21.8262 -10.1066 0 1416.984000000 
22.525 -10.0688 0 1418.384000000 
23.2613 -9.99688 0 1419.864000000 
24.1055 -9.899 0 1421.564000000 
24.8162 -10.0002 0 1423.004000000 
25.463 -10.1604 0 1424.484000000 
26.1594 -9.82113 0 1426.104000000 
26.6851 -9.31568 0 1427.564000000 
27.3359 -8.96593 0 1429.044000000 
28.0899 -8.66679 0 1430.664000000 
28.7761 -8.44929 0 1432.104000000 
29.4846 -8.27349 0 1433.564000000 
30.3077 -8.16995 0 1435.224000000 
30.9607 -8.08375 0 1436.684000000 
31.3879 -7.47216 0 1438.224000000 
31.6085 -6.73447 0 1439.764000000 
31.7873 -6.01671 0 1441.244000000 
32.081 -5.59569 0 1442.724000000 
32.8484 -5.47928 0 1444.324000000 
33.4958 -5.57283 0 1445.785000000 
34.1158 -5.18072 0 1447.264000000 
34.7259 -4.69525 0 1448.824000000 
35.376 -4.32217 0 1450.324000000 
36.0414 -4.02196 0 1451.784000000 
36.7841 -3.75504 0 1453.364000000 
37.4538 -3.63754 0 1454.864000000 
38.1114 -3.67923 0 1456.324000000 
38.8757 -3.33313 0 1458.004000000 
39.5699 -3.05166 0 1459.504000000 
40.2954 -2.86125 0 1461.004000000 
41.0833 -2.71921 0 1462.604000000 
41.8226 -2.70273 0 1464.084000000 
42.46 -2.86945 0 1465.564000000 
42.8506 -3.5552 0 1467.164000000 
43.0312 -4.26196 0 1468.624000000 
43.178 -4.9668 0 1470.064000000 
43.3767 -5.74157 0 1471.664000000 
43.5082 -6.42894 0 1473.064000000 
43.69 -7.12504 0 1474.504000000 
43.9362 -7.91762 0 1476.164000000 
44.2842 -8.37775 0 1477.664000000 
44.9083 -8.5665 0 1479.104000000 
45.5698 -8.94044 0 1480.624000000 
46.246 -9.21348 0 1482.084000000 
46.9215 -9.50678 0 1483.564000000 
47.4295 -10.0424 0 1485.044000000 
47.8133 -10.6626 0 1486.504000000 
48.1742 -11.3202 0 1488.004000000 
48.4745 -11.6182 0 1489.644000000 
49.1452 -11.5004 0 1491.104000000 
49.4541 -10.8329 0 1492.584000000 
49.65 -10.0782 0 1494.144000000 
49.8191 -9.32712 0 1495.684000000 
50.0386 -8.62063 0 1497.164000000 
50.3663 -7.83681 0 1498.864000000 
50.6823 -7.20097 0 1500.284000000 
51.024 -6.63449 0 1501.744000000 
51.6106 -6.03343 0 1503.424000000 
51.9949 -5.49797 0 1504.904000000 
51.8883 -4.77584 0 1506.404000000 
51.6224 -4.06083 0 1508.064000000 
51.3788 -3.38319 0 1509.504000000 
51.1221 -2.67845 0 1511.004000000 
50.8106 -1.85525 0 1512.764000000 
50.5237 -1.19533 0 1514.204000000 
50.2175 -0.521454 0 1515.685000000 
49.9312 0.212119 0 1517.404000000 
50.2585 0.840002 0 1518.904000000 
50.9533 1.09455 0 1520.384000000 
51.2175 1.18153 0 1522.064000000 
51.3988 1.81217 0 1523.484000000 
51.0974 2.47659 0 1524.944000000 
50.8234 3.25818 0 1526.604000000 
50.6976 3.9871 0 1528.084000000 
50.4527 4.64694 0 1529.664000000 
49.6417 4.9339 0 1531.404000000 
48.8962 5.00327 0 1532.904000000 
48.4465 5.02291 0 1534.384000000 
47.9509 5.53707 0 1536.184000000 
47.9618 6.26873 0 1537.664000000 
48.0728 6.99029 0 1539.124000000 
48.1389 7.86697 0 1540.884000000 
48.1196 8.61659 0 1542.384000000 
48.0047 9.32702 0 1543.964000000 
47.7797 10.1154 0 1545.604000000 
47.5667 10.8136 0 1547.064000000 
47.36 11.4763 0 1548.584000000 
47.0196 12.2761 0 1550.324000000 
46.6772 12.9546 0 1551.844000000 
46.3405 13.6135 0 1553.324000000 
45.8114 14.2227 0 1555.124000000 
45.104 14.4978 0 1556.644000000 
44.4001 14.6913 0 1558.104000000 
43.5822 14.8433 0 1559.904000000 
42.9315 15.2082 0 1561.404000000 
42.3146 15.6355 0 1562.905000000 
41.5788 16.059 0 1564.604000000 
40.9253 16.2374 0 1566.124000000 
40.306 15.8473 0 1567.604000000 
39.6139 15.2888 0 1569.384000000 
39.039 14.9177 0 1570.884000000 
38.3802 14.5593 0 1572.384000000 
37.6662 14.1984 0 1573.984000000 
36.9973 13.882 0 1575.464000000 
36.2913 13.5747 0 1577.004000000 
35.5497 13.4181 0 1578.684000000 
34.8696 13.7989 0 1580.245000000 
34.2762 14.0644 0 1581.684000000 
33.5675 14.534 0 1583.384000000 
32.9422 14.9835 0 1584.924000000 
32.337 15.4091 0 1586.404000000 
31.6359 15.8719 0 1588.084000000 
31.0094 16.2158 0 1589.664000000 
30.3609 15.9916 0 1591.084000000 
29.7222 15.543 0 1592.784000000 
29.0957 15.1881 0 1594.224000000 
28.4236 14.8334 0 1595.744000000 
27.7124 14.4672 0 1597.344000000 
27.0569 14.1237 0 1598.824000000 
26.4017 13.8019 0 1600.284000000 
25.6768 13.5822 0 1601.964000000 
25.0139 13.9281 0 1603.464000000 
24.3779 14.2428 0 1604.884000000 
23.5714 14.51 0 1606.584000000 
22.8522 14.7219 0 1608.084000000 
22.1218 14.835 0 1609.564000000 
21.2636 14.8861 0 1611.284000000 
20.6578 14.6608 0 1612.764000000 
20.276 14.053 0 1614.204000000 
19.8833 13.3335 0 1615.844000000 
19.4851 12.7334 0 1617.284000000 
19.0399 12.1423 0 1618.764000000 
18.5111 11.5026 0 1620.424000000 
18.4156 11.3891 0 1621.884000000 
18.4154 11.3892 0 1623.424000000 
18.2186 11.3145 0 1625.084000000 
17.8917 11.4591 0 1626.504000000 
17.5973 12.1159 0 1627.964000000 
17.4998 12.9401 0 1629.624000000 
17.3328 13.6469 0 1631.084000000 
16.9032 14.2288 0 1632.544000000 
16.2181 14.6948 0 1634.204000000 
15.5333 15.0462 0 1635.744000000 
14.8562 15.3187 0 1637.204000000 
14.6144 15.4099 0 1638.944000000 
14.36 15.7695 0 1640.464000000 
14.5943 16.3998 0 1641.885000000 
15.197 16.9408 0 1643.505000000 
15.7092 17.4873 0 1645.004000000 
16.1109 18.0354 0 1646.364000000 
16.5299 18.7401 0 1648.004000000 
16.8963 19.3836 0 1649.485000000 
17.2787 19.9547 0 1651.004000000 
17.9824 20.411 0 1652.684000000 
18.6462 20.7811 0 1654.204000000 
19.2888 21.0186 0 1655.744000000 
19.9281 20.7396 0 1657.284000000 
20.6454 20.9268 0 1658.804000000 
21.36 21.2398 0 1660.364000000 
22.1422 21.4437 0 1661.984000000 
22.901 21.4829 0 1663.504000000 
23.5957 21.3901 0 1665.064000000 
24.1544 20.8962 0 1666.704000000 
24.867 20.8909 0 1668.204000000 
25.5898 21.1546 0 1669.744000000 
26.4036 21.2272 0 1671.524000000 
27.0825 21.3434 0 1673.044000000 
27.7952 21.4449 0 1674.484000000 
28.694 21.4916 0 1676.284000000 
29.4115 21.5469 0 1677.724000000 
30.1523 21.6616 0 1679.224000000 
31.0042 21.8818 0 1680.984000000 
31.7367 22.0428 0 1682.484000000 
32.423 22.1801 0 1683.884000000 
33.2318 22.3521 0 1685.684000000 
33.8122 21.9306 0 1687.144000000 
34.3454 21.5616 0 1688.604000000 
35.2142 21.8573 0 1690.464000000 
35.8886 22.1042 0 1691.904000000 
36.6167 22.2335 0 1693.384000000 
36.8849 22.261 0 1695.124000000 
37.0589 21.75 0 1696.584000000 
36.6546 21.1584 0 1698.064000000 
35.8173 20.7541 0 1699.924000000 
35.2329 20.3203 0 1701.384000000 
34.7416 19.8079 0 1702.804000000 
34.1523 19.1278 0 1704.604000000 
33.676 18.5486 0 1706.104000000 
33.2092 17.9488 0 1707.624000000 
32.6288 17.1967 0 1709.524000000 
32.1803 16.6081 0 1711.004000000 
31.7257 16.0115 0 1712.504000000 
31.1663 15.2932 0 1714.325000000 
30.7104 14.7108 0 1715.804000000 
30.2653 14.1322 0 1717.264000000 
29.7062 13.4142 0 1719.084000000 
29.2134 12.9615 0 1720.584000000 
28.5385 12.7444 0 1722.004000000 
27.6572 12.562 0 1723.804000000 
26.9949 12.4087 0 1725.164000000 
26.2659 12.2326 0 1726.664000000 
25.3266 12.0341 0 1728.584000000 
24.6046 11.8724 0 1730.064000000 
23.9011 11.7185 0 1731.504000000 
22.9284 11.5347 0 1733.484000000 
22.2392 11.4132 0 1734.884000000 
21.5239 11.2672 0 1736.344000000 
20.6029 11.1426 0 1738.204000000 
19.854 11.1032 0 1739.704000000 
19.1342 11.0849 0 1741.144000000 
18.205 11.0552 0 1743.004000000 
17.4664 11.0082 0 1744.484000000 
16.8168 10.9871 0 1745.784000000 
15.8668 10.9742 0 1747.684000000 
15.1168 10.9688 0 1749.184000000 
14.4188 10.9214 0 1750.584000000 
13.5073 10.7424 0 1752.444000000 
12.817 10.5766 0 1753.864000000 
12.0697 10.4379 0 1755.384000000 
11.1766 10.3323 0 1757.184000000 
11.0058 10.3233 0 1758.605000000 
10.6944 9.71408 0 1760.104000000 
10.8732 8.81202 0 1761.944000000 
10.9848 8.09114 0 1763.404000000 
11.0903 7.42936 0 1764.884000000 
11.3903 6.59192 0 1766.664000000 
11.6694 5.93918 0 1768.084000000 
11.9057 5.30741 0 1769.584000000 
11.3406 4.69804 0 1771.404000000 
10.6169 4.54612 0 1772.884000000 
9.93713 4.31104 0 1774.324000000 
9.2089 3.91449 0 1775.984000000 
8.629 3.57522 0 1777.464000000 
7.95837 3.31328 0 1778.904000000 
7.17037 3.05323 0 1780.564000000 
6.48285 2.83959 0 1782.004000000 
5.834 2.83827 0 1783.484000000 
5.38096 3.45872 0 1785.044000000 
4.93374 4.02147 0 1786.484000000 
4.50063 4.58277 0 1787.904000000 
4.15181 5.3022 0 1789.504000000 
3.81073 6.00358 0 1791.064000000 
3.45421 6.41201 0 1792.524000000 
2.69709 6.38647 0 1794.084000000 
2.04005 6.14505 0 1795.484000000 
